Sample	0	1	2	3	4	5	6	7	8	9	10	11	12	13	14	15
SRR9929263_1	(1.0, 6.676166776092642)	(2.0, 3.638415776993637)	(3.0, 2.6143793033500877)	(4.0, 2.1497776080939297)	(5.0, 1.799855418524545)	(6.0, 1.5413327549005622)	(7.0, 1.361330912652298)	(8.0, 1.2367414009147646)	(9.0, 1.1227870090227359)	('>10', 17.942262027375637)	('>50', 7.291475879077123)	('>100', 17.135003945126005)	('>500', 7.334682369219375)	('>1k', 13.323447544335416)	('>5k', 3.435308291539769)	('>10k+', 11.39703298278153)
SRR9929263_2	(1.0, 8.49872837447304)	(2.0, 4.605911322396564)	(3.0, 3.5725179929759148)	(4.0, 2.842193301113178)	(5.0, 2.2973474911360414)	(6.0, 1.9799884830791477)	(7.0, 1.6464116238359712)	(8.0, 1.427165541536461)	(9.0, 1.31231844835708)	('>10', 18.278178433672128)	('>50', 7.220068216650589)	('>100', 18.293934733579782)	('>500', 6.693485425766095)	('>1k', 10.086459247043287)	('>5k', 3.1654760030632967)	('>10k+', 8.079815361321659)
SRR9929264_1	(1.0, 6.240507902948646)	(2.0, 3.8861542984691653)	(3.0, 2.9751595108245885)	(4.0, 2.243972698772596)	(5.0, 1.953459623602049)	(6.0, 1.6716233401747822)	(7.0, 1.4861075178988814)	(8.0, 1.3470401616384313)	(9.0, 1.2316562863758425)	('>10', 19.551436323573967)	('>50', 8.187013673698202)	('>100', 19.147163485572122)	('>500', 8.040813789808041)	('>1k', 13.258588670240472)	('>5k', 3.41178795123006)	('>10k+', 5.367514765172091)
SRR9929264_2	(1.0, 8.546529819848006)	(2.0, 4.828246592248379)	(3.0, 3.8717882852366463)	(4.0, 3.138076209995318)	(5.0, 2.5877865536216786)	(6.0, 2.1775744479130457)	(7.0, 1.923791210624493)	(8.0, 1.5953942211977972)	(9.0, 1.5062346827259259)	('>10', 20.491353668183322)	('>50', 8.155570191794412)	('>100', 20.447562676486704)	('>500', 6.5061608688746215)	('>1k', 8.814630136331592)	('>5k', 2.2754832801616782)	('>10k+', 3.1338171547562315)
SRR9929265_1	(1.0, 6.315502877994689)	(2.0, 4.389746786342075)	(3.0, 3.4225566216649557)	(4.0, 2.680498212044419)	(5.0, 2.2188698603534744)	(6.0, 1.9547704605877243)	(7.0, 1.6946952802923927)	(8.0, 1.5654064264099747)	(9.0, 1.3498976174183588)	('>10', 21.631308059108058)	('>50', 8.029114753470468)	('>100', 16.102107920214387)	('>500', 6.096678492710502)	('>1k', 11.834497809952573)	('>5k', 3.440926793528402)	('>10k+', 7.273422027907514)
SRR9929265_2	(1.0, 8.64116648557062)	(2.0, 5.366764525279734)	(3.0, 4.468336674905514)	(4.0, 3.6615921047388102)	(5.0, 3.064280100801264)	(6.0, 2.635983728578722)	(7.0, 2.213868530111722)	(8.0, 1.9335693710661968)	(9.0, 1.728826812086424)	('>10', 21.70858135991373)	('>50', 6.998024783213326)	('>100', 14.746251279901665)	('>500', 5.67284104947612)	('>1k', 9.57820699352736)	('>5k', 2.5235463981034383)	('>10k+', 5.058159802725173)
SRR9929266_1	(1.0, 8.166875542103792)	(2.0, 4.364815512370161)	(3.0, 3.292201581507644)	(4.0, 2.683472138966688)	(5.0, 2.2325124929339313)	(6.0, 1.9547208676698218)	(7.0, 1.6937640397693612)	(8.0, 1.5542542565214235)	(9.0, 1.4249019216726895)	('>10', 21.573946965579033)	('>50', 7.660707968545507)	('>100', 16.21330718932562)	('>500', 6.5487523509667644)	('>1k', 11.101630168527661)	('>5k', 2.7269520543792956)	('>10k+', 6.80718494916072)
SRR9929266_2	(1.0, 10.173412371122396)	(2.0, 5.836568060563561)	(3.0, 4.568214943988378)	(4.0, 3.8685454045119005)	(5.0, 3.132749493432354)	(6.0, 2.5110774011485857)	(7.0, 2.1258990657921575)	(8.0, 1.9134249169176503)	(9.0, 1.666034803956324)	('>10', 20.396724503155)	('>50', 7.283439535332994)	('>100', 16.159393866191355)	('>500', 5.709055674038174)	('>1k', 8.325539656221148)	('>5k', 2.4827390270618994)	('>10k+', 3.847181276565945)
SRR9929267_1	(1.0, 7.33368876564114)	(2.0, 4.080815237689792)	(3.0, 2.9175741704425056)	(4.0, 2.3911124758067173)	(5.0, 1.9573987093115461)	(6.0, 1.7554956862881332)	(7.0, 1.4796116566764927)	(8.0, 1.3451624133932325)	(9.0, 1.2300839064116647)	('>10', 19.832793016651475)	('>50', 8.033085599562263)	('>100', 18.223661444621065)	('>500', 7.638307877693147)	('>1k', 11.938643976577438)	('>5k', 2.8588988178996995)	('>10k+', 6.9836662453340885)
SRR9929267_2	(1.0, 9.55982820209115)	(2.0, 5.1288261472334105)	(3.0, 3.997279630247181)	(4.0, 3.1726599071138133)	(5.0, 2.6411960675630928)	(6.0, 2.1938356263791317)	(7.0, 1.8545433331929848)	(8.0, 1.6336070249272572)	(9.0, 1.4233448522724579)	('>10', 20.308314351045233)	('>50', 8.041526680270906)	('>100', 18.952158850485663)	('>500', 6.067341390139353)	('>1k', 8.185357075436498)	('>5k', 2.1871109535129984)	('>10k+', 4.653069908088722)
SRR9929268_1	(1.0, 8.259752867428164)	(2.0, 4.557786739232732)	(3.0, 3.4482719999369893)	(4.0, 2.7303945829733407)	(5.0, 2.392504950101013)	(6.0, 2.025052783300576)	(7.0, 1.792634631670937)	(8.0, 1.5975529278182108)	(9.0, 1.4646534214497762)	('>10', 22.393741928933704)	('>50', 7.887900431390298)	('>100', 16.569510765758764)	('>500', 6.243138387053033)	('>1k', 9.896211128762495)	('>5k', 2.636199136426546)	('>10k+', 6.10469331776349)
SRR9929268_2	(1.0, 10.675272207909453)	(2.0, 6.068926208846641)	(3.0, 4.711243805984974)	(4.0, 3.938316555130915)	(5.0, 3.228029668352947)	(6.0, 2.7103242816887545)	(7.0, 2.263670009768343)	(8.0, 2.033352115427913)	(9.0, 1.6669546567963864)	('>10', 21.33053424372011)	('>50', 7.47301576693659)	('>100', 15.724688961044134)	('>500', 5.117500186496274)	('>1k', 7.235015664494063)	('>5k', 2.1694570707413865)	('>10k+', 3.6536985966609743)
SRR9929269_1	(1.0, 8.992824279379246)	(2.0, 4.811801132100521)	(3.0, 3.5792745041155385)	(4.0, 2.9800298251965627)	(5.0, 2.3810448444159156)	(6.0, 2.1891540792634814)	(7.0, 1.8853635497392809)	(8.0, 1.6799176084315703)	(9.0, 1.515425784272071)	('>10', 21.730152525272743)	('>50', 7.714980031841387)	('>100', 15.931177453570381)	('>500', 5.9799231312284995)	('>1k', 9.19790468462949)	('>5k', 2.3870084927244015)	('>10k+', 7.044018073818998)
SRR9929269_2	(1.0, 11.504142551632434)	(2.0, 6.374472584554917)	(3.0, 4.835977900738793)	(4.0, 3.840036353016618)	(5.0, 3.19609932708801)	(6.0, 2.613517865831777)	(7.0, 2.245087853717984)	(8.0, 1.925003356644427)	(9.0, 1.6536199903913598)	('>10', 20.968057792916152)	('>50', 7.514683180713148)	('>100', 15.091431531965627)	('>500', 4.879334148226043)	('>1k', 7.511104280598338)	('>5k', 2.2917840222973833)	('>10k+', 3.5556472596671376)
SRR9929270_1	(1.0, 7.611737107741802)	(2.0, 4.79326963692978)	(3.0, 3.4691071960657864)	(4.0, 2.673644721838468)	(5.0, 2.091678303901496)	(6.0, 1.7843259740798785)	(7.0, 1.5469625336426116)	(8.0, 1.3900153285268895)	(9.0, 1.2059955181195856)	('>10', 16.54938701610651)	('>50', 6.350340373737845)	('>100', 14.673397196181687)	('>500', 6.023348946147997)	('>1k', 12.094009269364967)	('>5k', 4.0253318185421705)	('>10k+', 13.71744905907246)
SRR9929270_2	(1.0, 20.612816882697047)	(2.0, 5.428994373775302)	(3.0, 3.8196605192269093)	(4.0, 2.785389585853828)	(5.0, 2.066480551276422)	(6.0, 1.7312902513565593)	(7.0, 1.4211135064585074)	(8.0, 1.2384247792512826)	(9.0, 1.0389257473138136)	('>10', 14.177942725628128)	('>50', 5.412901394136758)	('>100', 12.765137710935399)	('>500', 5.173712745336621)	('>1k', 9.266932832804429)	('>5k', 3.1918310125926483)	('>10k+', 9.868445381356349)
SRR9929271_1	(1.0, 7.192715218149733)	(2.0, 4.327138573126153)	(3.0, 3.2279267911694247)	(4.0, 2.6203889606460624)	(5.0, 2.1785571680589655)	(6.0, 1.9821169902611064)	(7.0, 1.6980010010975326)	(8.0, 1.584023242357867)	(9.0, 1.4377014354444986)	('>10', 22.155502501740106)	('>50', 8.310743580311945)	('>100', 16.047166821175406)	('>500', 6.109280662865109)	('>1k', 11.683363186877886)	('>5k', 3.1214810993662567)	('>10k+', 6.32389276735202)
SRR9929271_2	(1.0, 10.424980223827236)	(2.0, 5.971281265158398)	(3.0, 4.835972153111629)	(4.0, 3.9206981052814234)	(5.0, 3.2194544513363703)	(6.0, 2.73453037118949)	(7.0, 2.330341459679798)	(8.0, 2.0181569431441426)	(9.0, 1.731279784199111)	('>10', 21.796245263378882)	('>50', 6.846665199929602)	('>100', 14.54532368873574)	('>500', 5.682586437768052)	('>1k', 7.935368413739904)	('>5k', 2.361375884404115)	('>10k+', 3.6457403551159966)
SRR9929272_1	(1.0, 6.995800898915896)	(2.0, 4.484625059646223)	(3.0, 3.2532360755104426)	(4.0, 2.623812191764113)	(5.0, 2.182546842810709)	(6.0, 1.8999377631712093)	(7.0, 1.7034343403056522)	(8.0, 1.5494640158535833)	(9.0, 1.4328104022177148)	('>10', 22.97267856838929)	('>50', 8.365549718872588)	('>100', 16.946408287132584)	('>500', 6.5895993536478015)	('>1k', 11.075977304278847)	('>5k', 3.1033981841570677)	('>10k+', 4.8207209933262485)
SRR9929272_2	(1.0, 10.507363235306043)	(2.0, 5.962101695247679)	(3.0, 4.878074728406716)	(4.0, 3.9387222451204296)	(5.0, 3.293345462489181)	(6.0, 2.7944983393391216)	(7.0, 2.403182795228716)	(8.0, 2.034471354550497)	(9.0, 1.7830291076691793)	('>10', 22.10992342820863)	('>50', 7.504092754268174)	('>100', 15.766987553753095)	('>500', 4.978199076215006)	('>1k', 7.280560112976079)	('>5k', 1.8927740704760827)	('>10k+', 2.8726740407453666)
SRR9929273_1	(1.0, 7.507483407640893)	(2.0, 3.9626270290072485)	(3.0, 2.9049773260571685)	(4.0, 2.3744773255704095)	(5.0, 2.0023730162075664)	(6.0, 1.7096905334858092)	(7.0, 1.4997302101883012)	(8.0, 1.4098689136633418)	(9.0, 1.2517961696872786)	('>10', 20.123400494075394)	('>50', 8.121470684256021)	('>100', 18.57035783510365)	('>500', 7.772865365200634)	('>1k', 12.483826053132093)	('>5k', 3.3660160596688673)	('>10k+', 4.9390395770553015)
SRR9929273_2	(1.0, 10.59972101757083)	(2.0, 5.420022745380312)	(3.0, 4.152538615124624)	(4.0, 3.325174530993871)	(5.0, 2.6400417158101517)	(6.0, 2.2779694810121898)	(7.0, 1.9340690463194539)	(8.0, 1.6644737975864152)	(9.0, 1.5056996135231344)	('>10', 20.489638273296393)	('>50', 8.122661441924295)	('>100', 19.31495937286317)	('>500', 6.088418232891902)	('>1k', 7.934081372618065)	('>5k', 1.9479229470654038)	('>10k+', 2.5826077960199645)
SRR9929274_1	(1.0, 7.726469001392735)	(2.0, 4.590131478777355)	(3.0, 3.4120016468492156)	(4.0, 2.7422021950337245)	(5.0, 2.2943797533367745)	(6.0, 2.0199839876668215)	(7.0, 1.788622479408352)	(8.0, 1.5672709718263316)	(9.0, 1.356693039039419)	('>10', 21.21504418493503)	('>50', 7.740907708789976)	('>100', 16.287010561947348)	('>500', 6.455638550275642)	('>1k', 12.361110273340051)	('>5k', 3.1932432067011995)	('>10k+', 5.249290960679947)
SRR9929274_2	(1.0, 11.354114883378951)	(2.0, 5.970186616810431)	(3.0, 4.652163478938922)	(4.0, 3.708526606024534)	(5.0, 3.1144982021940404)	(6.0, 2.6036327227039884)	(7.0, 2.122465055722155)	(8.0, 1.8121365294655405)	(9.0, 1.6648935162656313)	('>10', 20.280553406508805)	('>50', 7.087618917051675)	('>100', 15.964009735427496)	('>500', 6.050964907598881)	('>1k', 8.731738992329388)	('>5k', 1.943386618909233)	('>10k+', 2.9391098106704177)
SRR9929275_1	(1.0, 8.099409493064059)	(2.0, 4.75843339808133)	(3.0, 3.375581045696797)	(4.0, 2.7261997161424762)	(5.0, 2.428771406445254)	(6.0, 2.0397185666546425)	(7.0, 1.8058730355122783)	(8.0, 1.5879466830637372)	(9.0, 1.517595237806987)	('>10', 22.873656857776066)	('>50', 8.398752830357177)	('>100', 17.34100164494581)	('>500', 6.383674787307718)	('>1k', 9.610835734466544)	('>5k', 2.5612643623195646)	('>10k+', 4.491285200359619)
SRR9929275_2	(1.0, 10.915535462390235)	(2.0, 6.259475663158643)	(3.0, 4.937645546954448)	(4.0, 4.025131203901466)	(5.0, 3.3090897891546684)	(6.0, 2.7710827508062157)	(7.0, 2.306001427907454)	(8.0, 1.9835455321600852)	(9.0, 1.801503785318665)	('>10', 22.08463335296285)	('>50', 7.79770642544777)	('>100', 16.110518059850467)	('>500', 4.8124413182832635)	('>1k', 6.591980121211797)	('>5k', 1.917552201748095)	('>10k+', 2.3761573587439404)
SRR9929276_1	(1.0, 6.972834939650651)	(2.0, 3.7082930584528606)	(3.0, 2.7271121048609195)	(4.0, 2.180165136681972)	(5.0, 1.8269210544555068)	(6.0, 1.633627222744104)	(7.0, 1.4155368181697225)	(8.0, 1.2621952253761521)	(9.0, 1.1583897471249391)	('>10', 19.222505020728033)	('>50', 7.839481950143255)	('>100', 17.66866691675684)	('>500', 7.384081999631658)	('>1k', 12.503194836834853)	('>5k', 3.3634395288297445)	('>10k+', 9.133554439558852)
SRR9929276_2	(1.0, 10.853480573574101)	(2.0, 5.396650609632263)	(3.0, 4.09178357604527)	(4.0, 3.2789166854891882)	(5.0, 2.5746094898174876)	(6.0, 2.2045008912644897)	(7.0, 1.8346189884919102)	(8.0, 1.6308082117852527)	(9.0, 1.4564205180209555)	('>10', 19.414085918062696)	('>50', 7.806854995550467)	('>100', 18.023704100312855)	('>500', 5.784298052086259)	('>1k', 8.318122155770453)	('>5k', 2.3472827923995463)	('>10k+', 4.983862441697006)
SRR9929277_1	(1.0, 6.580276465523609)	(2.0, 4.2083592055744266)	(3.0, 3.1600397325074274)	(4.0, 2.4624885911582126)	(5.0, 2.073013873338343)	(6.0, 1.8199723676006831)	(7.0, 1.605037286243334)	(8.0, 1.401677410835645)	(9.0, 1.2721949738533191)	('>10', 20.546408931716336)	('>50', 8.041262708299724)	('>100', 16.614151771264527)	('>500', 6.558003603260209)	('>1k', 11.900614643873464)	('>5k', 3.455348576245237)	('>10k+', 8.301149858705362)
SRR9929277_2	(1.0, 9.26240361453702)	(2.0, 5.554402874657173)	(3.0, 4.448802789159663)	(4.0, 3.613892310927801)	(5.0, 2.9726962763641382)	(6.0, 2.4823430629626975)	(7.0, 2.2349858459724676)	(8.0, 1.8279840669439895)	(9.0, 1.6421780903570307)	('>10', 20.75041849881658)	('>50', 7.1759159332748474)	('>100', 15.74893401083883)	('>500', 6.02563523770715)	('>1k', 7.965933125300063)	('>5k', 2.5631180511108487)	('>10k+', 5.730356211069713)
SRR9929278_1	(1.0, 6.274428291196298)	(2.0, 3.8975792282236785)	(3.0, 2.959491285178919)	(4.0, 2.3578433432677937)	(5.0, 1.955658590017596)	(6.0, 1.689696865152643)	(7.0, 1.4715114899833501)	(8.0, 1.3015529856087822)	(9.0, 1.214048464667149)	('>10', 19.137535444980855)	('>50', 7.915904092292081)	('>100', 18.16217929206337)	('>500', 7.774786215076694)	('>1k', 12.784121880268644)	('>5k', 3.298138205703744)	('>10k+', 7.805524326318444)
SRR9929278_2	(1.0, 9.105125601761893)	(2.0, 5.202873058639757)	(3.0, 4.1584765944623)	(4.0, 3.293190415956658)	(5.0, 2.6956679117512947)	(6.0, 2.368044526211014)	(7.0, 1.9366340209981565)	(8.0, 1.6369486993601856)	(9.0, 1.4310281122516983)	('>10', 19.805902854531528)	('>50', 8.133066014103145)	('>100', 18.929625341099488)	('>500', 6.088262248404966)	('>1k', 7.842297798306778)	('>5k', 2.5001952129333227)	('>10k+', 4.8726615892278975)
SRR9929279_1	(1.0, 8.794480377654592)	(2.0, 4.651730137515126)	(3.0, 3.4604515709953114)	(4.0, 2.8466314112329716)	(5.0, 2.352337501815069)	(6.0, 2.0566752133955655)	(7.0, 1.8278667004879174)	(8.0, 1.7365109509155814)	(9.0, 1.4857194641172062)	('>10', 22.622675545353793)	('>50', 8.123800181957835)	('>100', 16.587294647255614)	('>500', 6.306364711762513)	('>1k', 10.174465045185649)	('>5k', 2.5127900717298894)	('>10k+', 4.460206468625237)
SRR9929279_2	(1.0, 10.935642901218186)	(2.0, 6.391550234958985)	(3.0, 5.1578322479905605)	(4.0, 4.036874796587934)	(5.0, 3.2357467563276265)	(6.0, 2.8293381071615586)	(7.0, 2.4021764740286415)	(8.0, 1.9980165849133722)	(9.0, 1.7199654423430375)	('>10', 21.44935445365172)	('>50', 7.442581309481939)	('>100', 15.672470512613518)	('>500', 4.992251031402036)	('>1k', 7.241082964520287)	('>5k', 1.687943341982608)	('>10k+', 2.8071728408181453)
SRR9929280_1	(1.0, 6.539437667913223)	(2.0, 4.0639794114526335)	(3.0, 3.0453807566921136)	(4.0, 2.4671372280323878)	(5.0, 2.039556722676027)	(6.0, 1.7869725644222616)	(7.0, 1.5654013288768975)	(8.0, 1.3608383548123584)	(9.0, 1.3116560966482833)	('>10', 20.73820472521907)	('>50', 8.179684491630614)	('>100', 16.524626079061342)	('>500', 6.397728017300268)	('>1k', 12.517086802395964)	('>5k', 3.731742137396306)	('>10k+', 7.730567615470235)
SRR9929280_2	(1.0, 9.318728755430342)	(2.0, 5.328402413630041)	(3.0, 4.334694815005537)	(4.0, 3.6593494918434977)	(5.0, 3.0123889680941383)	(6.0, 2.4664720536658282)	(7.0, 2.1154367507272944)	(8.0, 1.8591370122228539)	(9.0, 1.664316295726058)	('>10', 20.97175967055273)	('>50', 7.071877946519766)	('>100', 15.233939568823518)	('>500', 6.219138924650191)	('>1k', 9.54094447311725)	('>5k', 2.336540356052474)	('>10k+', 4.86687250393842)
SRR9929281_1	(1.0, 7.839886496374339)	(2.0, 4.24085575175069)	(3.0, 3.1511245405513955)	(4.0, 2.5246666438971355)	(5.0, 2.217396019881465)	(6.0, 1.914784462362491)	(7.0, 1.64911424786117)	(8.0, 1.5293057237589491)	(9.0, 1.3110294537791616)	('>10', 22.53612737816663)	('>50', 8.282086923491825)	('>100', 16.361815208658033)	('>500', 6.232947898252694)	('>1k', 10.910206104533973)	('>5k', 2.9015872421783673)	('>10k+', 6.3970659045017575)
SRR9929281_2	(1.0, 9.745589039490202)	(2.0, 5.835543369988)	(3.0, 4.859255261911232)	(4.0, 3.9107554969513814)	(5.0, 3.117925973552134)	(6.0, 2.7614628120297073)	(7.0, 2.3512281026347797)	(8.0, 1.9846110403561794)	(9.0, 1.784519184789192)	('>10', 21.808885069233565)	('>50', 7.305166910539087)	('>100', 15.234093637368995)	('>500', 5.425443036409637)	('>1k', 7.989012962936359)	('>5k', 2.0419979010294966)	('>10k+', 3.8445102007799896)
SRR9929282_1	(1.0, 6.989494915357761)	(2.0, 3.701149250974957)	(3.0, 2.697450034109062)	(4.0, 2.184086477455117)	(5.0, 1.8753203213773075)	(6.0, 1.6131343402251581)	(7.0, 1.3967085840894418)	(8.0, 1.2750810763385596)	(9.0, 1.1379289664288117)	('>10', 19.057368984864617)	('>50', 7.8579562933757865)	('>100', 18.112199167782506)	('>500', 7.692980307337556)	('>1k', 13.138481820035208)	('>5k', 3.422924012068783)	('>10k+', 7.847735448179346)
SRR9929282_2	(1.0, 9.356395899300399)	(2.0, 5.077146355612181)	(3.0, 3.896741466473315)	(4.0, 3.0820545100852166)	(5.0, 2.542332181654598)	(6.0, 2.1401353461265233)	(7.0, 1.8248607906127323)	(8.0, 1.7186322484457328)	(9.0, 1.4158801303144357)	('>10', 19.663284138771896)	('>50', 7.8263369031114305)	('>100', 19.334072334593618)	('>500', 6.42647476358878)	('>1k', 9.043177830842101)	('>5k', 2.1319381847380825)	('>10k+', 4.520536915728949)
SRR9929283_1	(1.0, 6.714039847137747)	(2.0, 4.303434881447745)	(3.0, 3.222059430686935)	(4.0, 2.615823027861187)	(5.0, 2.1701615634651077)	(6.0, 1.8612852899247152)	(7.0, 1.6314365317730752)	(8.0, 1.4732839994126308)	(9.0, 1.2897143975621974)	('>10', 21.41431035128725)	('>50', 8.18119836262983)	('>100', 16.760584241997286)	('>500', 6.616067721395308)	('>1k', 11.749006980334302)	('>5k', 3.237130362424928)	('>10k+', 6.7604630106597146)
SRR9929283_2	(1.0, 8.704461724832282)	(2.0, 5.4885037055569414)	(3.0, 4.525475115199134)	(4.0, 3.7183606625320262)	(5.0, 3.0497399627487716)	(6.0, 2.5844600735634935)	(7.0, 2.2249428403352134)	(8.0, 1.965216015830392)	(9.0, 1.7207268877372026)	('>10', 21.783235200028646)	('>50', 7.31514395061776)	('>100', 15.886016967537394)	('>500', 6.003013935169456)	('>1k', 8.402173886594579)	('>5k', 2.4212672013415717)	('>10k+', 4.207261870375011)
SRR9929284_1	(1.0, 6.998045226266364)	(2.0, 4.037453120690109)	(3.0, 2.869465010407148)	(4.0, 2.328501186585672)	(5.0, 1.9490712525675449)	(6.0, 1.6965680971687813)	(7.0, 1.5406822145351007)	(8.0, 1.3945086185737734)	(9.0, 1.248554565077471)	('>10', 19.3605415376075)	('>50', 7.344560114686498)	('>100', 15.693478715721707)	('>500', 6.294802512831104)	('>1k', 12.683416429402977)	('>5k', 3.428553097167904)	('>10k+', 11.131798300710555)
SRR9929284_2	(1.0, 9.742133932599836)	(2.0, 5.629449135591343)	(3.0, 4.387482339616757)	(4.0, 3.3834597253776653)	(5.0, 2.8079379884383875)	(6.0, 2.267434676947019)	(7.0, 1.907865905424672)	(8.0, 1.6543500768082235)	(9.0, 1.5340537755231496)	('>10', 18.940374343824224)	('>50', 6.747143283334537)	('>100', 15.34149547320968)	('>500', 6.3749583081408945)	('>1k', 9.21834727078036)	('>5k', 2.6223206980270053)	('>10k+', 7.441193066356039)
SRR9929285_1	(1.0, 6.8463128643674365)	(2.0, 3.7748778062058728)	(3.0, 2.682057404129838)	(4.0, 2.190303815162459)	(5.0, 1.7922080780923926)	(6.0, 1.612236342509473)	(7.0, 1.4083217389469482)	(8.0, 1.2625287723309653)	(9.0, 1.1204067101965953)	('>10', 18.33526167960385)	('>50', 7.640483670140412)	('>100', 17.44823485163494)	('>500', 7.268469064567721)	('>1k', 12.812907018619537)	('>5k', 3.621082754379695)	('>10k+', 10.18430742911197)
SRR9929285_2	(1.0, 10.27204468146464)	(2.0, 5.446972262462902)	(3.0, 4.14957090826534)	(4.0, 3.1685054748822306)	(5.0, 2.5287450328245793)	(6.0, 2.1351268889836286)	(7.0, 1.755979477387196)	(8.0, 1.536323212432551)	(9.0, 1.2809996455933528)	('>10', 18.80882245963357)	('>50', 7.691145939332869)	('>100', 18.06464920194347)	('>500', 6.168114733595044)	('>1k', 8.575559390032089)	('>5k', 2.252576261860187)	('>10k+', 6.164864429306319)
SRR9929286_1	(1.0, 8.275839379049943)	(2.0, 4.356889550239932)	(3.0, 3.178505105717138)	(4.0, 2.607938496293347)	(5.0, 2.305975208816408)	(6.0, 1.9942653114583295)	(7.0, 1.786949706769155)	(8.0, 1.5337761451864322)	(9.0, 1.406009629864022)	('>10', 21.616877439860634)	('>50', 7.79602279051979)	('>100', 15.930432665269127)	('>500', 6.0170314590209335)	('>1k', 10.142638490552928)	('>5k', 2.924281142352854)	('>10k+', 8.126567479029042)
SRR9929286_2	(1.0, 11.276616651908066)	(2.0, 6.355261714616136)	(3.0, 5.044846087618058)	(4.0, 3.8605216157717823)	(5.0, 3.2167258184265592)	(6.0, 2.5222451207065624)	(7.0, 2.2750826245339373)	(8.0, 1.8394275489118632)	(9.0, 1.6118707764524283)	('>10', 20.701579897369935)	('>50', 7.104514542387127)	('>100', 14.70434096184581)	('>500', 4.785410136082841)	('>1k', 7.492118171174682)	('>5k', 2.463024618313282)	('>10k+', 4.746413713880856)
