Sample	0	1	2	3	4	5	6	7	8	9	10	11	12	13	14	15	16	17	18	19	20	21	22	23	24	25
SRR9929263_1	(21.0, 2.0)	(22.0, 8.0)	(23.0, 12.0)	(24.0, 36.0)	(25.0, 226.0)	(26.0, 1017.0)	(27.0, 3785.0)	(28.0, 11491.0)	(29.0, 33252.0)	(30.0, 82254.0)	(31.0, 166268.0)	(32.0, 281426.0)	(33.0, 434691.0)	(34.0, 665487.0)	(35.0, 1339393.0)	(36.0, 12391452.0)	(37.0, 17930310.0)									
SRR9929263_2	(14.0, 5.0)	(15.0, 58.0)	(16.0, 421.0)	(17.0, 3122.0)	(18.0, 14044.0)	(19.0, 31993.0)	(20.0, 38959.0)	(21.0, 30429.0)	(22.0, 22433.0)	(23.0, 21571.0)	(24.0, 28481.0)	(25.0, 45289.0)	(26.0, 71127.0)	(27.0, 90920.0)	(28.0, 98392.0)	(29.0, 105552.0)	(30.0, 129312.0)	(31.0, 176304.0)	(32.0, 259204.0)	(33.0, 413806.0)	(34.0, 778251.0)	(35.0, 2281826.0)	(36.0, 16941852.0)	(37.0, 11757759.0)		
SRR9929264_1	(21.0, 1.0)	(22.0, 14.0)	(23.0, 35.0)	(24.0, 69.0)	(25.0, 359.0)	(26.0, 1175.0)	(27.0, 4078.0)	(28.0, 11903.0)	(29.0, 33462.0)	(30.0, 79168.0)	(31.0, 157179.0)	(32.0, 263854.0)	(33.0, 408676.0)	(34.0, 642796.0)	(35.0, 1283414.0)	(36.0, 11878668.0)	(37.0, 16918237.0)									
SRR9929264_2	(13.0, 1.0)	(14.0, 7.0)	(15.0, 51.0)	(16.0, 527.0)	(17.0, 3661.0)	(18.0, 16392.0)	(19.0, 37457.0)	(20.0, 46386.0)	(21.0, 38166.0)	(22.0, 30274.0)	(23.0, 30261.0)	(24.0, 37481.0)	(25.0, 53321.0)	(26.0, 80285.0)	(27.0, 101439.0)	(28.0, 103925.0)	(29.0, 105218.0)	(30.0, 122298.0)	(31.0, 161528.0)	(32.0, 233102.0)	(33.0, 370001.0)	(34.0, 695896.0)	(35.0, 2060755.0)	(36.0, 15606121.0)	(37.0, 11748535.0)	
SRR9929265_1	(22.0, 9.0)	(23.0, 38.0)	(24.0, 120.0)	(25.0, 351.0)	(26.0, 1428.0)	(27.0, 4554.0)	(28.0, 13422.0)	(29.0, 35856.0)	(30.0, 85535.0)	(31.0, 170584.0)	(32.0, 286123.0)	(33.0, 439633.0)	(34.0, 669860.0)	(35.0, 1353107.0)	(36.0, 12006704.0)	(37.0, 17290244.0)										
SRR9929265_2	(14.0, 2.0)	(15.0, 56.0)	(16.0, 491.0)	(17.0, 3637.0)	(18.0, 17082.0)	(19.0, 38535.0)	(20.0, 46369.0)	(21.0, 35537.0)	(22.0, 25917.0)	(23.0, 24405.0)	(24.0, 31760.0)	(25.0, 50521.0)	(26.0, 79040.0)	(27.0, 100756.0)	(28.0, 108357.0)	(29.0, 116045.0)	(30.0, 142760.0)	(31.0, 194525.0)	(32.0, 282734.0)	(33.0, 450883.0)	(34.0, 856063.0)	(35.0, 2581447.0)	(36.0, 17123331.0)	(37.0, 10047315.0)		
SRR9929266_1	(22.0, 16.0)	(23.0, 32.0)	(24.0, 54.0)	(25.0, 212.0)	(26.0, 1127.0)	(27.0, 3734.0)	(28.0, 11800.0)	(29.0, 34398.0)	(30.0, 84604.0)	(31.0, 167964.0)	(32.0, 278378.0)	(33.0, 423199.0)	(34.0, 643067.0)	(35.0, 1250562.0)	(36.0, 11286504.0)	(37.0, 16146430.0)										
SRR9929266_2	(14.0, 3.0)	(15.0, 54.0)	(16.0, 515.0)	(17.0, 3647.0)	(18.0, 14978.0)	(19.0, 33001.0)	(20.0, 39045.0)	(21.0, 30853.0)	(22.0, 23380.0)	(23.0, 22074.0)	(24.0, 26942.0)	(25.0, 42503.0)	(26.0, 65383.0)	(27.0, 85350.0)	(28.0, 93510.0)	(29.0, 100860.0)	(30.0, 125005.0)	(31.0, 170503.0)	(32.0, 248428.0)	(33.0, 392054.0)	(34.0, 728785.0)	(35.0, 2093815.0)	(36.0, 15091530.0)	(37.0, 10899863.0)		
SRR9929267_1	(22.0, 12.0)	(23.0, 33.0)	(24.0, 96.0)	(25.0, 274.0)	(26.0, 1167.0)	(27.0, 4257.0)	(28.0, 12649.0)	(29.0, 35885.0)	(30.0, 86441.0)	(31.0, 169680.0)	(32.0, 277288.0)	(33.0, 418548.0)	(34.0, 629518.0)	(35.0, 1250082.0)	(36.0, 11280531.0)	(37.0, 16075649.0)										
SRR9929267_2	(14.0, 4.0)	(15.0, 68.0)	(16.0, 475.0)	(17.0, 3233.0)	(18.0, 14681.0)	(19.0, 35166.0)	(20.0, 43136.0)	(21.0, 33527.0)	(22.0, 25011.0)	(23.0, 24216.0)	(24.0, 31093.0)	(25.0, 49924.0)	(26.0, 78918.0)	(27.0, 100591.0)	(28.0, 104106.0)	(29.0, 106214.0)	(30.0, 124706.0)	(31.0, 165826.0)	(32.0, 238455.0)	(33.0, 373855.0)	(34.0, 692339.0)	(35.0, 1993312.0)	(36.0, 14895760.0)	(37.0, 11107494.0)		
SRR9929268_1	(22.0, 9.0)	(23.0, 17.0)	(24.0, 76.0)	(25.0, 322.0)	(26.0, 1344.0)	(27.0, 4434.0)	(28.0, 12910.0)	(29.0, 35192.0)	(30.0, 83403.0)	(31.0, 163960.0)	(32.0, 271543.0)	(33.0, 424136.0)	(34.0, 685057.0)	(35.0, 1247422.0)	(36.0, 11093346.0)	(37.0, 16228087.0)										
SRR9929268_2	(13.0, 1.0)	(14.0, 6.0)	(15.0, 89.0)	(16.0, 685.0)	(17.0, 4762.0)	(18.0, 19685.0)	(19.0, 42784.0)	(20.0, 53670.0)	(21.0, 45818.0)	(22.0, 40180.0)	(23.0, 42141.0)	(24.0, 44641.0)	(25.0, 53762.0)	(26.0, 75575.0)	(27.0, 96403.0)	(28.0, 103204.0)	(29.0, 107195.0)	(30.0, 129035.0)	(31.0, 171669.0)	(32.0, 248058.0)	(33.0, 393588.0)	(34.0, 735201.0)	(35.0, 2132904.0)	(36.0, 15206933.0)	(37.0, 10503269.0)	
SRR9929269_1	(21.0, 2.0)	(22.0, 7.0)	(23.0, 46.0)	(24.0, 174.0)	(25.0, 678.0)	(26.0, 2011.0)	(27.0, 4977.0)	(28.0, 13845.0)	(29.0, 36716.0)	(30.0, 85299.0)	(31.0, 165067.0)	(32.0, 271581.0)	(33.0, 448558.0)	(34.0, 813690.0)	(35.0, 1252567.0)	(36.0, 10565639.0)	(37.0, 14768554.0)									
SRR9929269_2	(14.0, 7.0)	(15.0, 97.0)	(16.0, 685.0)	(17.0, 4887.0)	(18.0, 21954.0)	(19.0, 52243.0)	(20.0, 73233.0)	(21.0, 72508.0)	(22.0, 67676.0)	(23.0, 77238.0)	(24.0, 88622.0)	(25.0, 84307.0)	(26.0, 84710.0)	(27.0, 91493.0)	(28.0, 94916.0)	(29.0, 100715.0)	(30.0, 122160.0)	(31.0, 162736.0)	(32.0, 234109.0)	(33.0, 365876.0)	(34.0, 672492.0)	(35.0, 1940247.0)	(36.0, 13902719.0)	(37.0, 10113781.0)		
SRR9929270_1	(18.0, 1.0)	(19.0, 0.0)	(20.0, 0.0)	(21.0, 2.0)	(22.0, 7.0)	(23.0, 34.0)	(24.0, 140.0)	(25.0, 675.0)	(26.0, 3153.0)	(27.0, 9418.0)	(28.0, 16435.0)	(29.0, 27978.0)	(30.0, 56244.0)	(31.0, 104241.0)	(32.0, 167827.0)	(33.0, 245615.0)	(34.0, 367348.0)	(35.0, 802344.0)	(36.0, 7929687.0)	(37.0, 9944568.0)						
SRR9929270_2	(12.0, 21.0)	(13.0, 335.0)	(14.0, 2363.0)	(15.0, 10572.0)	(16.0, 33756.0)	(17.0, 82706.0)	(18.0, 152022.0)	(19.0, 216946.0)	(20.0, 209198.0)	(21.0, 162451.0)	(22.0, 140688.0)	(23.0, 153352.0)	(24.0, 200587.0)	(25.0, 276121.0)	(26.0, 338958.0)	(27.0, 331281.0)	(28.0, 274330.0)	(29.0, 222475.0)	(30.0, 205208.0)	(31.0, 213913.0)	(32.0, 244572.0)	(33.0, 316599.0)	(34.0, 556119.0)	(35.0, 1578362.0)	(36.0, 8478176.0)	(37.0, 5274606.0)
SRR9929271_1	(22.0, 8.0)	(23.0, 15.0)	(24.0, 45.0)	(25.0, 290.0)	(26.0, 1256.0)	(27.0, 4290.0)	(28.0, 11336.0)	(29.0, 31627.0)	(30.0, 77134.0)	(31.0, 155148.0)	(32.0, 260712.0)	(33.0, 400726.0)	(34.0, 614722.0)	(35.0, 1229981.0)	(36.0, 10830949.0)	(37.0, 15631779.0)										
SRR9929271_2	(14.0, 5.0)	(15.0, 83.0)	(16.0, 577.0)	(17.0, 4352.0)	(18.0, 19067.0)	(19.0, 44404.0)	(20.0, 54564.0)	(21.0, 43867.0)	(22.0, 33739.0)	(23.0, 31929.0)	(24.0, 39783.0)	(25.0, 61300.0)	(26.0, 94718.0)	(27.0, 117773.0)	(28.0, 119033.0)	(29.0, 113138.0)	(30.0, 125937.0)	(31.0, 163392.0)	(32.0, 232242.0)	(33.0, 360500.0)	(34.0, 663446.0)	(35.0, 1903760.0)	(36.0, 14538253.0)	(37.0, 10484156.0)		
SRR9929272_1	(21.0, 4.0)	(22.0, 22.0)	(23.0, 78.0)	(24.0, 139.0)	(25.0, 532.0)	(26.0, 1785.0)	(27.0, 5329.0)	(28.0, 13748.0)	(29.0, 35402.0)	(30.0, 81576.0)	(31.0, 160108.0)	(32.0, 265474.0)	(33.0, 409003.0)	(34.0, 633091.0)	(35.0, 1278203.0)	(36.0, 11263477.0)	(37.0, 15898920.0)									
SRR9929272_2	(14.0, 10.0)	(15.0, 73.0)	(16.0, 644.0)	(17.0, 4697.0)	(18.0, 21181.0)	(19.0, 49864.0)	(20.0, 62867.0)	(21.0, 51916.0)	(22.0, 41179.0)	(23.0, 40665.0)	(24.0, 49891.0)	(25.0, 73645.0)	(26.0, 112519.0)	(27.0, 139692.0)	(28.0, 136562.0)	(29.0, 123997.0)	(30.0, 129764.0)	(31.0, 160838.0)	(32.0, 223086.0)	(33.0, 346485.0)	(34.0, 637504.0)	(35.0, 1804951.0)	(36.0, 14324810.0)	(37.0, 11510051.0)		
SRR9929273_1	(22.0, 7.0)	(23.0, 13.0)	(24.0, 47.0)	(25.0, 216.0)	(26.0, 1065.0)	(27.0, 3544.0)	(28.0, 9982.0)	(29.0, 28042.0)	(30.0, 68423.0)	(31.0, 138374.0)	(32.0, 233151.0)	(33.0, 359386.0)	(34.0, 545915.0)	(35.0, 1088093.0)	(36.0, 9723739.0)	(37.0, 14614319.0)										
SRR9929273_2	(13.0, 1.0)	(14.0, 2.0)	(15.0, 61.0)	(16.0, 480.0)	(17.0, 3922.0)	(18.0, 17611.0)	(19.0, 41156.0)	(20.0, 48888.0)	(21.0, 36867.0)	(22.0, 26697.0)	(23.0, 24454.0)	(24.0, 31052.0)	(25.0, 50116.0)	(26.0, 79011.0)	(27.0, 99078.0)	(28.0, 101650.0)	(29.0, 101143.0)	(30.0, 117870.0)	(31.0, 155949.0)	(32.0, 226227.0)	(33.0, 357010.0)	(34.0, 671029.0)	(35.0, 2009027.0)	(36.0, 13963286.0)	(37.0, 8651729.0)	
SRR9929274_1	(21.0, 2.0)	(22.0, 11.0)	(23.0, 35.0)	(24.0, 137.0)	(25.0, 567.0)	(26.0, 1897.0)	(27.0, 5356.0)	(28.0, 14059.0)	(29.0, 36493.0)	(30.0, 85278.0)	(31.0, 163823.0)	(32.0, 268451.0)	(33.0, 408507.0)	(34.0, 646033.0)	(35.0, 1252977.0)	(36.0, 10150593.0)	(37.0, 14308022.0)									
SRR9929274_2	(13.0, 2.0)	(14.0, 16.0)	(15.0, 130.0)	(16.0, 982.0)	(17.0, 7365.0)	(18.0, 29478.0)	(19.0, 62148.0)	(20.0, 71887.0)	(21.0, 57482.0)	(22.0, 46918.0)	(23.0, 46284.0)	(24.0, 53753.0)	(25.0, 74492.0)	(26.0, 107638.0)	(27.0, 129924.0)	(28.0, 127358.0)	(29.0, 118745.0)	(30.0, 129828.0)	(31.0, 164391.0)	(32.0, 229311.0)	(33.0, 352854.0)	(34.0, 640346.0)	(35.0, 1775037.0)	(36.0, 13180186.0)	(37.0, 9935686.0)	
SRR9929275_1	(22.0, 15.0)	(23.0, 65.0)	(24.0, 176.0)	(25.0, 480.0)	(26.0, 1547.0)	(27.0, 4974.0)	(28.0, 13821.0)	(29.0, 36953.0)	(30.0, 86766.0)	(31.0, 168740.0)	(32.0, 275878.0)	(33.0, 419664.0)	(34.0, 657348.0)	(35.0, 1282904.0)	(36.0, 10845763.0)	(37.0, 15275331.0)										
SRR9929275_2	(14.0, 6.0)	(15.0, 82.0)	(16.0, 535.0)	(17.0, 3905.0)	(18.0, 17978.0)	(19.0, 43082.0)	(20.0, 55621.0)	(21.0, 48875.0)	(22.0, 41911.0)	(23.0, 43630.0)	(24.0, 50385.0)	(25.0, 62730.0)	(26.0, 89035.0)	(27.0, 110111.0)	(28.0, 111517.0)	(29.0, 110306.0)	(30.0, 125178.0)	(31.0, 160202.0)	(32.0, 229050.0)	(33.0, 357178.0)	(34.0, 655751.0)	(35.0, 1841500.0)	(36.0, 13960625.0)	(37.0, 10951232.0)		
SRR9929276_1	(21.0, 1.0)	(22.0, 6.0)	(23.0, 19.0)	(24.0, 76.0)	(25.0, 347.0)	(26.0, 1520.0)	(27.0, 5005.0)	(28.0, 12964.0)	(29.0, 34171.0)	(30.0, 79944.0)	(31.0, 154808.0)	(32.0, 256629.0)	(33.0, 394208.0)	(34.0, 640827.0)	(35.0, 1225308.0)	(36.0, 10152560.0)	(37.0, 15061206.0)									
SRR9929276_2	(14.0, 10.0)	(15.0, 127.0)	(16.0, 894.0)	(17.0, 6290.0)	(18.0, 26349.0)	(19.0, 58043.0)	(20.0, 71946.0)	(21.0, 61418.0)	(22.0, 52747.0)	(23.0, 54138.0)	(24.0, 58669.0)	(25.0, 72040.0)	(26.0, 99237.0)	(27.0, 120595.0)	(28.0, 119950.0)	(29.0, 115076.0)	(30.0, 127738.0)	(31.0, 163645.0)	(32.0, 232757.0)	(33.0, 361470.0)	(34.0, 662682.0)	(35.0, 1865727.0)	(36.0, 13827302.0)	(37.0, 9860749.0)		
SRR9929277_1	(21.0, 1.0)	(22.0, 11.0)	(23.0, 51.0)	(24.0, 168.0)	(25.0, 554.0)	(26.0, 1871.0)	(27.0, 5554.0)	(28.0, 14779.0)	(29.0, 39482.0)	(30.0, 90963.0)	(31.0, 175131.0)	(32.0, 285483.0)	(33.0, 431097.0)	(34.0, 662133.0)	(35.0, 1303623.0)	(36.0, 10981057.0)	(37.0, 15385331.0)									
SRR9929277_2	(14.0, 4.0)	(15.0, 57.0)	(16.0, 540.0)	(17.0, 3709.0)	(18.0, 16678.0)	(19.0, 40038.0)	(20.0, 50601.0)	(21.0, 42974.0)	(22.0, 34759.0)	(23.0, 35092.0)	(24.0, 44334.0)	(25.0, 62270.0)	(26.0, 88960.0)	(27.0, 108480.0)	(28.0, 109848.0)	(29.0, 110780.0)	(30.0, 127439.0)	(31.0, 166152.0)	(32.0, 237399.0)	(33.0, 369950.0)	(34.0, 679372.0)	(35.0, 1918754.0)	(36.0, 14389690.0)	(37.0, 10739409.0)		
SRR9929278_1	(21.0, 1.0)	(22.0, 12.0)	(23.0, 15.0)	(24.0, 83.0)	(25.0, 354.0)	(26.0, 1316.0)	(27.0, 4276.0)	(28.0, 12020.0)	(29.0, 33749.0)	(30.0, 80854.0)	(31.0, 158104.0)	(32.0, 259803.0)	(33.0, 393614.0)	(34.0, 603640.0)	(35.0, 1192024.0)	(36.0, 10131614.0)	(37.0, 14890685.0)									
SRR9929278_2	(14.0, 8.0)	(15.0, 59.0)	(16.0, 492.0)	(17.0, 3227.0)	(18.0, 15322.0)	(19.0, 34892.0)	(20.0, 43592.0)	(21.0, 35259.0)	(22.0, 28465.0)	(23.0, 29521.0)	(24.0, 35857.0)	(25.0, 49494.0)	(26.0, 73277.0)	(27.0, 91670.0)	(28.0, 95431.0)	(29.0, 97830.0)	(30.0, 115008.0)	(31.0, 153535.0)	(32.0, 221876.0)	(33.0, 349305.0)	(34.0, 640326.0)	(35.0, 1813078.0)	(36.0, 13677917.0)	(37.0, 10156723.0)		
SRR9929279_1	(22.0, 11.0)	(23.0, 15.0)	(24.0, 45.0)	(25.0, 177.0)	(26.0, 771.0)	(27.0, 2968.0)	(28.0, 9038.0)	(29.0, 26274.0)	(30.0, 65056.0)	(31.0, 132894.0)	(32.0, 225555.0)	(33.0, 350341.0)	(34.0, 533814.0)	(35.0, 1094075.0)	(36.0, 10146165.0)	(37.0, 15154100.0)										
SRR9929279_2	(14.0, 4.0)	(15.0, 38.0)	(16.0, 331.0)	(17.0, 2575.0)	(18.0, 11410.0)	(19.0, 26834.0)	(20.0, 34079.0)	(21.0, 28940.0)	(22.0, 22889.0)	(23.0, 22164.0)	(24.0, 26274.0)	(25.0, 39051.0)	(26.0, 62027.0)	(27.0, 81321.0)	(28.0, 85275.0)	(29.0, 86387.0)	(30.0, 100209.0)	(31.0, 132997.0)	(32.0, 193223.0)	(33.0, 311447.0)	(34.0, 580223.0)	(35.0, 1653100.0)	(36.0, 13350216.0)	(37.0, 10890285.0)		
SRR9929280_1	(22.0, 6.0)	(23.0, 17.0)	(24.0, 77.0)	(25.0, 328.0)	(26.0, 1395.0)	(27.0, 4459.0)	(28.0, 12116.0)	(29.0, 33378.0)	(30.0, 79215.0)	(31.0, 156140.0)	(32.0, 262403.0)	(33.0, 405076.0)	(34.0, 639872.0)	(35.0, 1354420.0)	(36.0, 11848561.0)	(37.0, 17570166.0)										
SRR9929280_2	(14.0, 10.0)	(15.0, 81.0)	(16.0, 611.0)	(17.0, 4367.0)	(18.0, 19417.0)	(19.0, 45908.0)	(20.0, 59814.0)	(21.0, 53560.0)	(22.0, 47147.0)	(23.0, 49241.0)	(24.0, 56652.0)	(25.0, 69992.0)	(26.0, 96684.0)	(27.0, 117308.0)	(28.0, 116184.0)	(29.0, 108816.0)	(30.0, 119498.0)	(31.0, 152473.0)	(32.0, 215252.0)	(33.0, 337769.0)	(34.0, 623830.0)	(35.0, 1785712.0)	(36.0, 15285200.0)	(37.0, 13002103.0)		
SRR9929281_1	(22.0, 14.0)	(23.0, 20.0)	(24.0, 52.0)	(25.0, 191.0)	(26.0, 835.0)	(27.0, 3075.0)	(28.0, 9997.0)	(29.0, 30131.0)	(30.0, 74580.0)	(31.0, 152572.0)	(32.0, 258917.0)	(33.0, 400501.0)	(34.0, 617683.0)	(35.0, 1258781.0)	(36.0, 11388966.0)	(37.0, 17472414.0)										
SRR9929281_2	(14.0, 4.0)	(15.0, 53.0)	(16.0, 339.0)	(17.0, 2413.0)	(18.0, 11325.0)	(19.0, 26383.0)	(20.0, 32955.0)	(21.0, 26968.0)	(22.0, 21066.0)	(23.0, 20667.0)	(24.0, 25630.0)	(25.0, 37379.0)	(26.0, 55461.0)	(27.0, 72315.0)	(28.0, 79965.0)	(29.0, 88558.0)	(30.0, 112485.0)	(31.0, 157731.0)	(32.0, 235101.0)	(33.0, 382045.0)	(34.0, 724855.0)	(35.0, 2130753.0)	(36.0, 16174039.0)	(37.0, 11250239.0)		
SRR9929282_1	(21.0, 4.0)	(22.0, 6.0)	(23.0, 23.0)	(24.0, 59.0)	(25.0, 309.0)	(26.0, 1117.0)	(27.0, 3869.0)	(28.0, 11296.0)	(29.0, 32758.0)	(30.0, 79863.0)	(31.0, 158734.0)	(32.0, 264296.0)	(33.0, 401936.0)	(34.0, 618209.0)	(35.0, 1291173.0)	(36.0, 10736740.0)	(37.0, 16208542.0)									
SRR9929282_2	(14.0, 9.0)	(15.0, 119.0)	(16.0, 751.0)	(17.0, 5635.0)	(18.0, 22096.0)	(19.0, 43715.0)	(20.0, 48365.0)	(21.0, 39675.0)	(22.0, 33972.0)	(23.0, 34171.0)	(24.0, 37227.0)	(25.0, 47880.0)	(26.0, 67104.0)	(27.0, 82906.0)	(28.0, 86995.0)	(29.0, 90947.0)	(30.0, 109169.0)	(31.0, 146988.0)	(32.0, 215571.0)	(33.0, 341831.0)	(34.0, 635286.0)	(35.0, 1760275.0)	(36.0, 14199084.0)	(37.0, 11759163.0)		
SRR9929283_1	(22.0, 10.0)	(23.0, 47.0)	(24.0, 189.0)	(25.0, 497.0)	(26.0, 1498.0)	(27.0, 4580.0)	(28.0, 13290.0)	(29.0, 36538.0)	(30.0, 86060.0)	(31.0, 167212.0)	(32.0, 275929.0)	(33.0, 419939.0)	(34.0, 636555.0)	(35.0, 1299540.0)	(36.0, 11247951.0)	(37.0, 16221030.0)										
SRR9929283_2	(14.0, 1.0)	(15.0, 37.0)	(16.0, 340.0)	(17.0, 2308.0)	(18.0, 10200.0)	(19.0, 24678.0)	(20.0, 32149.0)	(21.0, 28829.0)	(22.0, 25224.0)	(23.0, 26932.0)	(24.0, 31214.0)	(25.0, 41323.0)	(26.0, 61586.0)	(27.0, 79001.0)	(28.0, 84314.0)	(29.0, 89973.0)	(30.0, 107391.0)	(31.0, 145204.0)	(32.0, 211966.0)	(33.0, 341345.0)	(34.0, 637656.0)	(35.0, 1778879.0)	(36.0, 14433696.0)	(37.0, 12216619.0)		
SRR9929284_1	(22.0, 5.0)	(23.0, 18.0)	(24.0, 59.0)	(25.0, 272.0)	(26.0, 1154.0)	(27.0, 3863.0)	(28.0, 10677.0)	(29.0, 29461.0)	(30.0, 69484.0)	(31.0, 137182.0)	(32.0, 227513.0)	(33.0, 349019.0)	(34.0, 541225.0)	(35.0, 1121816.0)	(36.0, 9575801.0)	(37.0, 14687899.0)										
SRR9929284_2	(13.0, 1.0)	(14.0, 6.0)	(15.0, 69.0)	(16.0, 478.0)	(17.0, 3403.0)	(18.0, 14108.0)	(19.0, 31303.0)	(20.0, 40175.0)	(21.0, 35585.0)	(22.0, 31957.0)	(23.0, 33350.0)	(24.0, 34154.0)	(25.0, 42085.0)	(26.0, 61132.0)	(27.0, 76302.0)	(28.0, 79027.0)	(29.0, 82358.0)	(30.0, 97000.0)	(31.0, 129513.0)	(32.0, 188705.0)	(33.0, 300490.0)	(34.0, 558182.0)	(35.0, 1561346.0)	(36.0, 13027910.0)	(37.0, 10326809.0)	
SRR9929285_1	(22.0, 14.0)	(23.0, 27.0)	(24.0, 114.0)	(25.0, 447.0)	(26.0, 1468.0)	(27.0, 4353.0)	(28.0, 11624.0)	(29.0, 31835.0)	(30.0, 74348.0)	(31.0, 145439.0)	(32.0, 236986.0)	(33.0, 359220.0)	(34.0, 576783.0)	(35.0, 1217926.0)	(36.0, 9438924.0)	(37.0, 14169474.0)										
SRR9929285_2	(14.0, 4.0)	(15.0, 51.0)	(16.0, 475.0)	(17.0, 3419.0)	(18.0, 16293.0)	(19.0, 39289.0)	(20.0, 53946.0)	(21.0, 53055.0)	(22.0, 49936.0)	(23.0, 56090.0)	(24.0, 63000.0)	(25.0, 62681.0)	(26.0, 71357.0)	(27.0, 80756.0)	(28.0, 82819.0)	(29.0, 84308.0)	(30.0, 99923.0)	(31.0, 132204.0)	(32.0, 189933.0)	(33.0, 297772.0)	(34.0, 547883.0)	(35.0, 1528055.0)	(36.0, 12441586.0)	(37.0, 10314147.0)		
SRR9929286_1	(21.0, 1.0)	(22.0, 12.0)	(23.0, 15.0)	(24.0, 39.0)	(25.0, 234.0)	(26.0, 981.0)	(27.0, 3477.0)	(28.0, 10237.0)	(29.0, 29434.0)	(30.0, 70766.0)	(31.0, 141335.0)	(32.0, 234791.0)	(33.0, 356488.0)	(34.0, 547264.0)	(35.0, 1129168.0)	(36.0, 9706759.0)	(37.0, 14616920.0)									
SRR9929286_2	(14.0, 2.0)	(15.0, 61.0)	(16.0, 404.0)	(17.0, 3054.0)	(18.0, 13935.0)	(19.0, 32796.0)	(20.0, 42972.0)	(21.0, 38748.0)	(22.0, 32198.0)	(23.0, 33647.0)	(24.0, 36810.0)	(25.0, 45797.0)	(26.0, 65222.0)	(27.0, 82574.0)	(28.0, 87389.0)	(29.0, 88810.0)	(30.0, 104468.0)	(31.0, 137601.0)	(32.0, 200029.0)	(33.0, 313812.0)	(34.0, 578408.0)	(35.0, 1616202.0)	(36.0, 12832329.0)	(37.0, 10460653.0)		
