Sample	0	1	2	3	4	5	6	7	8	9	10	11	12	13	14	15
SRR9929263_1	(1.0, 6.676166776092642)	(2.0, 3.638415776993637)	(3.0, 2.6143793033500877)	(4.0, 2.1497776080939297)	(5.0, 1.799855418524545)	(6.0, 1.5413327549005622)	(7.0, 1.361330912652298)	(8.0, 1.2367414009147646)	(9.0, 1.1227870090227359)	('>10', 17.942262027375637)	('>50', 7.291475879077123)	('>100', 17.135003945126005)	('>500', 7.334682369219375)	('>1k', 13.323447544335416)	('>5k', 3.435308291539769)	('>10k+', 11.39703298278153)
SRR9929263_2	(1.0, 8.49872837447304)	(2.0, 4.605911322396564)	(3.0, 3.5725179929759148)	(4.0, 2.842193301113178)	(5.0, 2.2973474911360414)	(6.0, 1.9799884830791477)	(7.0, 1.6464116238359712)	(8.0, 1.427165541536461)	(9.0, 1.31231844835708)	('>10', 18.278178433672128)	('>50', 7.220068216650589)	('>100', 18.293934733579782)	('>500', 6.693485425766095)	('>1k', 10.086459247043287)	('>5k', 3.1654760030632967)	('>10k+', 8.079815361321659)
SRR9929264_1	(1.0, 6.274684959907975)	(2.0, 3.8940617687095473)	(3.0, 2.9778889457680116)	(4.0, 2.2500269015286727)	(5.0, 1.9539886633900827)	(6.0, 1.6793800131768146)	(7.0, 1.4846344855437485)	(8.0, 1.3588272078465196)	(9.0, 1.238146519187789)	('>10', 19.579139559375914)	('>50', 8.21434441411251)	('>100', 19.170804749442706)	('>500', 8.03336464858942)	('>1k', 13.244216394314915)	('>5k', 3.4161597602679046)	('>10k+', 5.230331008837446)
SRR9929264_2	(1.0, 8.363780479672032)	(2.0, 4.83733579216511)	(3.0, 3.868261441829895)	(4.0, 3.146133634501072)	(5.0, 2.5874561180644915)	(6.0, 2.178762452365151)	(7.0, 1.9284037119552888)	(8.0, 1.5977029388752162)	(9.0, 1.5131453455017132)	('>10', 20.527100052407178)	('>50', 8.168795300384204)	('>100', 20.50060387716169)	('>500', 6.527089542002651)	('>1k', 8.857681287177877)	('>5k', 2.286712447930868)	('>10k+', 3.111035578005423)
SRR9929265_1	(1.0, 6.345661775341981)	(2.0, 4.392005586987437)	(3.0, 3.422005590050393)	(4.0, 2.689051899211799)	(5.0, 2.228017722775167)	(6.0, 1.9499506229942047)	(7.0, 1.699130090316918)	(8.0, 1.5638269989331135)	(9.0, 1.3482674358560849)	('>10', 21.639339681065593)	('>50', 8.030129842970355)	('>100', 16.100789639928596)	('>500', 6.089285640269448)	('>1k', 11.807220347878596)	('>5k', 3.456642439821711)	('>10k+', 7.238674685598672)
SRR9929265_2	(1.0, 8.57056845350293)	(2.0, 5.371586640590757)	(3.0, 4.4703549148862995)	(4.0, 3.6658047345649973)	(5.0, 3.0624582409355323)	(6.0, 2.639676385476828)	(7.0, 2.2142693650822296)	(8.0, 1.9371666143641317)	(9.0, 1.7296647925439605)	('>10', 21.71539525089393)	('>50', 7.000376234800052)	('>100', 14.76426882386056)	('>500', 5.680063331678756)	('>1k', 9.609940202674897)	('>5k', 2.5320853142509065)	('>10k+', 5.036320699893162)
SRR9929266_1	(1.0, 8.194551250409262)	(2.0, 4.376747787080183)	(3.0, 3.295345554727945)	(4.0, 2.6878226407262114)	(5.0, 2.2477259605660054)	(6.0, 1.9567560507744362)	(7.0, 1.692061156735911)	(8.0, 1.5625495223350379)	(9.0, 1.4228262868754173)	('>10', 21.613398084745064)	('>50', 7.659152584631553)	('>100', 16.235259137131024)	('>500', 6.570486176112077)	('>1k', 11.085691637262457)	('>5k', 2.6789881803108364)	('>10k+', 6.72063798957648)
SRR9929266_2	(1.0, 10.052907759479105)	(2.0, 5.850597273559571)	(3.0, 4.575639834867054)	(4.0, 3.8671672205294008)	(5.0, 3.138214774045583)	(6.0, 2.5187826278455616)	(7.0, 2.125833580230715)	(8.0, 1.9181276208676399)	(9.0, 1.6702869653075891)	('>10', 20.407261869308105)	('>50', 7.292553839053381)	('>100', 16.180368791689467)	('>500', 5.723905106855861)	('>1k', 8.35985878884055)	('>5k', 2.493210808401729)	('>10k+', 3.8252831391190005)
SRR9929267_1	(1.0, 7.361206713808115)	(2.0, 4.083377946582394)	(3.0, 2.9240881824093496)	(4.0, 2.39164906489911)	(5.0, 1.9641586472718426)	(6.0, 1.7544641118040605)	(7.0, 1.486837697141502)	(8.0, 1.3471725224134141)	(9.0, 1.2255606316495546)	('>10', 19.85701360824673)	('>50', 8.032677812778118)	('>100', 18.22506243558588)	('>500', 7.658007572603556)	('>1k', 11.903651285439402)	('>5k', 2.8391735377075578)	('>10k+', 6.945898229659567)
SRR9929267_2	(1.0, 9.47268603814846)	(2.0, 5.1316522500907755)	(3.0, 3.9956796220374984)	(4.0, 3.172753610766035)	(5.0, 2.64699893948823)	(6.0, 2.1943580011722457)	(7.0, 1.8554632934563002)	(8.0, 1.6347906537521555)	(9.0, 1.425508308856181)	('>10', 20.322375352686333)	('>50', 8.045231642415558)	('>100', 18.978217291360004)	('>500', 6.082019725238854)	('>1k', 8.215271717872094)	('>5k', 2.195267527776153)	('>10k+', 4.631726024882961)
SRR9929268_1	(1.0, 8.307234845381084)	(2.0, 4.5905350890060275)	(3.0, 3.4674660407151685)	(4.0, 2.753861336763721)	(5.0, 2.4004415286855463)	(6.0, 2.047340527871971)	(7.0, 1.7928054747182363)	(8.0, 1.6087389629310154)	(9.0, 1.477337397976587)	('>10', 22.50459087616511)	('>50', 7.9203839373458385)	('>100', 16.64096194084709)	('>500', 6.276250280253784)	('>1k', 9.928152441432275)	('>5k', 2.5955467497133795)	('>10k+', 5.688352570192997)
SRR9929268_2	(1.0, 10.253342010415494)	(2.0, 6.071856045639241)	(3.0, 4.731259397205271)	(4.0, 3.9546096719933774)	(5.0, 3.2403575829763698)	(6.0, 2.710396883694394)	(7.0, 2.272003311962927)	(8.0, 2.043953376878593)	(9.0, 1.6747747585973947)	('>10', 21.434761132512122)	('>50', 7.513675750455036)	('>100', 15.822267162128533)	('>500', 5.150580482200372)	('>1k', 7.28983487710778)	('>5k', 2.186372667525461)	('>10k+', 3.6499548887076365)
SRR9929269_1	(1.0, 9.142839767501489)	(2.0, 4.88321107289875)	(3.0, 3.6413444437860236)	(4.0, 3.037373833339042)	(5.0, 2.422415805095914)	(6.0, 2.224853847105505)	(7.0, 1.9122772356730897)	(8.0, 1.7129787726379364)	(9.0, 1.5318171344458489)	('>10', 22.05532347551089)	('>50', 7.834279038083654)	('>100', 16.15455786956026)	('>500', 6.046304750806504)	('>1k', 9.339926075032322)	('>5k', 2.3472958903604404)	('>10k+', 5.7132009881624795)
SRR9929269_2	(1.0, 10.558745203760306)	(2.0, 6.403911071020307)	(3.0, 4.8721443846424375)	(4.0, 3.883313806258463)	(5.0, 3.24126238461373)	(6.0, 2.6296000193257627)	(7.0, 2.284939223897507)	(8.0, 1.9516024127196572)	(9.0, 1.6711920034640764)	('>10', 21.203919065661132)	('>50', 7.588406910473486)	('>100', 15.286321815544493)	('>500', 4.942266340982388)	('>1k', 7.594233706418992)	('>5k', 2.3333216947210396)	('>10k+', 3.5548199564961407)
SRR9929270_1	(1.0, 7.9108347823099665)	(2.0, 4.911583379847477)	(3.0, 3.565652752726203)	(4.0, 2.7308721076181732)	(5.0, 2.151326561603859)	(6.0, 1.808459051181448)	(7.0, 1.5859218402376034)	(8.0, 1.369391483029957)	(9.0, 1.2103945059692696)	('>10', 16.650534643642366)	('>50', 6.411364245348137)	('>100', 14.589893144847766)	('>500', 6.122045588545211)	('>1k', 11.821195366368901)	('>5k', 4.1771028380245285)	('>10k+', 12.983427708699127)
SRR9929270_2	(1.0, 17.76871142593554)	(2.0, 5.6587713057345574)	(3.0, 3.988193337797763)	(4.0, 2.904931857312804)	(5.0, 2.155819257525412)	(6.0, 1.8200113769209336)	(7.0, 1.484462272637508)	(8.0, 1.3031642430133332)	(9.0, 1.0654507640954796)	('>10', 14.805510655687831)	('>50', 5.686886213489004)	('>100', 13.427679572181264)	('>500', 5.365326330438694)	('>1k', 9.584736891384042)	('>5k', 3.3205894213545735)	('>10k+', 9.659755074491287)
SRR9929271_1	(1.0, 7.221815174864686)	(2.0, 4.342448827407243)	(3.0, 3.232311107558515)	(4.0, 2.6355715014257015)	(5.0, 2.182014104317581)	(6.0, 1.9847425739772013)	(7.0, 1.6929778678753418)	(8.0, 1.5937146069237997)	(9.0, 1.4405285276587207)	('>10', 22.17730213941728)	('>50', 8.306878497384561)	('>100', 16.073573794378003)	('>500', 6.090428787465467)	('>1k', 11.674655735942894)	('>5k', 3.1070967448343443)	('>10k+', 6.243940008568673)
SRR9929271_2	(1.0, 10.290373542361618)	(2.0, 5.981927814631514)	(3.0, 4.845125381698576)	(4.0, 3.919732889392479)	(5.0, 3.2224234473082007)	(6.0, 2.7373762272461812)	(7.0, 2.3306694072496255)	(8.0, 2.020411037558196)	(9.0, 1.7339002337756204)	('>10', 21.831858483032864)	('>50', 6.844172088045024)	('>100', 14.583625550154169)	('>500', 5.697417073545898)	('>1k', 7.975039443824233)	('>5k', 2.3732728568487444)	('>10k+', 3.6126745233272626)
SRR9929272_1	(1.0, 7.038452184222245)	(2.0, 4.509514119302885)	(3.0, 3.2566187155794983)	(4.0, 2.6352174438219214)	(5.0, 2.1837349875494043)	(6.0, 1.8924631033140071)	(7.0, 1.7267311864492239)	(8.0, 1.5532211752599663)	(9.0, 1.4322492797629764)	('>10', 23.01394799463572)	('>50', 8.371294528415223)	('>100', 16.9508778116198)	('>500', 6.588895032265893)	('>1k', 11.042223321758772)	('>5k', 3.1059537742973644)	('>10k+', 4.698605341745021)
SRR9929272_2	(1.0, 10.338233073302133)	(2.0, 5.976487205056146)	(3.0, 4.879170202059071)	(4.0, 3.9558144740059227)	(5.0, 3.298835190873061)	(6.0, 2.801422794599899)	(7.0, 2.407490238428972)	(8.0, 2.039249014609467)	(9.0, 1.7881348267343915)	('>10', 22.132062931323276)	('>50', 7.526549118199596)	('>100', 15.81163360198928)	('>500', 4.986667799409348)	('>1k', 7.3251319480218955)	('>5k', 1.904577823939173)	('>10k+', 2.828539757448462)
SRR9929273_1	(1.0, 7.5384722464742)	(2.0, 3.9729661103095886)	(3.0, 2.9129145780998495)	(4.0, 2.377095345434061)	(5.0, 2.0124546593117567)	(6.0, 1.7119879737627766)	(7.0, 1.5032092876111527)	(8.0, 1.4075366694749731)	(9.0, 1.2596878967138645)	('>10', 20.132004271536477)	('>50', 8.126415022752283)	('>100', 18.576471209053473)	('>500', 7.7746594367302535)	('>1k', 12.396071146254965)	('>5k', 3.441007789435862)	('>10k+', 4.857046357044348)
SRR9929273_2	(1.0, 10.517858118391473)	(2.0, 5.423338351967395)	(3.0, 4.151509580967529)	(4.0, 3.327355352680349)	(5.0, 2.6356462798077236)	(6.0, 2.27845341018154)	(7.0, 1.9364511206020114)	(8.0, 1.6641993451902617)	(9.0, 1.5041242374585209)	('>10', 20.506150597667723)	('>50', 8.135328514778148)	('>100', 19.344660133636012)	('>500', 6.103597147578764)	('>1k', 7.9685199058802)	('>5k', 1.9564798581580118)	('>10k+', 2.546328045054246)
SRR9929274_1	(1.0, 7.801234332075188)	(2.0, 4.637092820782443)	(3.0, 3.4489619435585728)	(4.0, 2.7607632116905987)	(5.0, 2.317712867698632)	(6.0, 2.0163912714296175)	(7.0, 1.8205154511018875)	(8.0, 1.5576364705955081)	(9.0, 1.369377259016988)	('>10', 21.328393348786058)	('>50', 7.778955765321088)	('>100', 16.361762816400528)	('>500', 6.48340035253675)	('>1k', 12.367146077621127)	('>5k', 3.2828801835837815)	('>10k+', 4.667775827801227)
SRR9929274_2	(1.0, 10.995204449281005)	(2.0, 5.983149254028374)	(3.0, 4.673652768973595)	(4.0, 3.727741455436701)	(5.0, 3.122162785159729)	(6.0, 2.6203391073136237)	(7.0, 2.1308960468725293)	(8.0, 1.8207645093105247)	(9.0, 1.6657242283200424)	('>10', 20.353497203520668)	('>50', 7.125143237249137)	('>100', 16.051133560463622)	('>500', 6.074194649683648)	('>1k', 8.8046411895371)	('>5k', 1.9640508359385749)	('>10k+', 2.8877047189111384)
SRR9929275_1	(1.0, 8.153057945925298)	(2.0, 4.788889441869815)	(3.0, 3.3899259822730246)	(4.0, 2.7422050361999415)	(5.0, 2.459243037028734)	(6.0, 2.0444640162454246)	(7.0, 1.8175323554468488)	(8.0, 1.5937323219259563)	(9.0, 1.5259784607666613)	('>10', 22.967198381190677)	('>50', 8.421579561038582)	('>100', 17.388185865212456)	('>500', 6.409238474583807)	('>1k', 9.622304027716803)	('>5k', 2.5522039899228677)	('>10k+', 4.12426110265307)
SRR9929275_2	(1.0, 10.583086698646344)	(2.0, 6.278145885097307)	(3.0, 4.9450444034363725)	(4.0, 4.0344841772346)	(5.0, 3.3302210771676366)	(6.0, 2.7775862898766936)	(7.0, 2.315857913577653)	(8.0, 1.99171297045074)	(9.0, 1.8053082679843253)	('>10', 22.162401862307117)	('>50', 7.836641014597095)	('>100', 16.200519450564876)	('>500', 4.825731336076152)	('>1k', 6.639218119520531)	('>5k', 1.9326479498852533)	('>10k+', 2.3413925835773792)
SRR9929276_1	(1.0, 7.041562000015958)	(2.0, 3.7435396083914934)	(3.0, 2.7484673551905403)	(4.0, 2.200537704457112)	(5.0, 1.8439049938396068)	(6.0, 1.6397246536188563)	(7.0, 1.4214778017610772)	(8.0, 1.2696135232397898)	(9.0, 1.1749590720248437)	('>10', 19.34361401478806)	('>50', 7.894808375604237)	('>100', 17.77161441101286)	('>500', 7.410196505257045)	('>1k', 12.555354637629227)	('>5k', 3.4169390171242062)	('>10k+', 8.523686326045212)
SRR9929276_2	(1.0, 10.309175865903956)	(2.0, 5.389915800718965)	(3.0, 4.111613962590685)	(4.0, 3.28013359829846)	(5.0, 2.5908309498421214)	(6.0, 2.225533133160461)	(7.0, 1.8475069228059562)	(8.0, 1.644060615789302)	(9.0, 1.46409939419851)	('>10', 19.52267010853407)	('>50', 7.853094294953861)	('>100', 18.181775683445604)	('>500', 5.821426075345766)	('>1k', 8.403245380445242)	('>5k', 2.3704349709343178)	('>10k+', 4.984483243032796)
SRR9929277_1	(1.0, 6.6145992843428605)	(2.0, 4.223743399363259)	(3.0, 3.169738197869379)	(4.0, 2.4755705164598663)	(5.0, 2.07563749769864)	(6.0, 1.833454437751381)	(7.0, 1.6065176677838733)	(8.0, 1.411630289833986)	(9.0, 1.2741389725197962)	('>10', 20.61283436870871)	('>50', 8.050335098545451)	('>100', 16.63836821631454)	('>500', 6.582204064862617)	('>1k', 11.950057428181585)	('>5k', 3.3926409501535684)	('>10k+', 8.088529609610426)
SRR9929277_2	(1.0, 9.046653666240305)	(2.0, 5.556720171760909)	(3.0, 4.457241237518811)	(4.0, 3.621356223102478)	(5.0, 2.9751133774004277)	(6.0, 2.4851400119663696)	(7.0, 2.2419976030926763)	(8.0, 1.8337166575771866)	(9.0, 1.643235026943264)	('>10', 20.794331593874603)	('>50', 7.189523769103415)	('>100', 15.810398413246906)	('>500', 6.039248663176842)	('>1k', 8.010425752619184)	('>5k', 2.578855911934316)	('>10k+', 5.716041920442392)
SRR9929278_1	(1.0, 6.299864276146458)	(2.0, 3.920562358217855)	(3.0, 2.964036565846459)	(4.0, 2.3731142238760348)	(5.0, 1.9651656569383766)	(6.0, 1.694946151908391)	(7.0, 1.4658594263820106)	(8.0, 1.308366662901108)	(9.0, 1.2169824208309417)	('>10', 19.19261196566254)	('>50', 7.933757145584199)	('>100', 18.20702829851095)	('>500', 7.766961807972899)	('>1k', 12.796671459794135)	('>5k', 3.3216646077412713)	('>10k+', 7.57240697168627)
SRR9929278_2	(1.0, 8.894847298609546)	(2.0, 5.203039252823906)	(3.0, 4.163832678152744)	(4.0, 3.30119882971101)	(5.0, 2.6957530757887573)	(6.0, 2.3731658624343495)	(7.0, 1.9384081517396063)	(8.0, 1.6386641623765807)	(9.0, 1.433923031238116)	('>10', 19.855722447733605)	('>50', 8.150142923396444)	('>100', 18.98740019680047)	('>500', 6.108084114066039)	('>1k', 7.887189010305781)	('>5k', 2.5133283443904757)	('>10k+', 4.855300620432691)
SRR9929279_1	(1.0, 8.823135900290833)	(2.0, 4.661877606463961)	(3.0, 3.477681271901243)	(4.0, 2.847099910743906)	(5.0, 2.359278319875604)	(6.0, 2.0590744228264533)	(7.0, 1.830721120645222)	(8.0, 1.7449423662370733)	(9.0, 1.487490493986266)	('>10', 22.65761821818721)	('>50', 8.119941963432478)	('>100', 16.592107036018223)	('>500', 6.301403464033322)	('>1k', 10.161623411018223)	('>5k', 2.4815454221809)	('>10k+', 4.394459072158915)
SRR9929279_2	(1.0, 10.818209650245512)	(2.0, 6.394033077848374)	(3.0, 5.172387597183295)	(4.0, 4.039379245628756)	(5.0, 3.2421481479995853)	(6.0, 2.8283689323575496)	(7.0, 2.4031830533706215)	(8.0, 1.9978439118362945)	(9.0, 1.7279089544782424)	('>10', 21.4609110320581)	('>50', 7.45500311110843)	('>100', 15.708798638792917)	('>500', 5.003878639275527)	('>1k', 7.268440464737447)	('>5k', 1.6944170126554994)	('>10k+', 2.785088530423643)
SRR9929280_1	(1.0, 6.587548304761381)	(2.0, 4.085547503324545)	(3.0, 3.062230233672827)	(4.0, 2.4829652643074662)	(5.0, 2.049165137823265)	(6.0, 1.7910452135812882)	(7.0, 1.5731154757315797)	(8.0, 1.373582034387631)	(9.0, 1.3242292938537357)	('>10', 20.824798164669794)	('>50', 8.216516921105498)	('>100', 16.572781647279644)	('>500', 6.423917896701928)	('>1k', 12.552282324410227)	('>5k', 3.745499680140952)	('>10k+', 7.3347749042483095)
SRR9929280_2	(1.0, 8.942156011557792)	(2.0, 5.3457850839925785)	(3.0, 4.339270108513659)	(4.0, 3.6711338790755113)	(5.0, 3.0334749637166416)	(6.0, 2.4819742917479823)	(7.0, 2.1218131949418533)	(8.0, 1.8721832389337014)	(9.0, 1.664771686259677)	('>10', 21.061588081003062)	('>50', 7.089221601470816)	('>100', 15.309881027104435)	('>500', 6.242231070051389)	('>1k', 9.612857553939135)	('>5k', 2.3544735944607162)	('>10k+', 4.85718461323098)
SRR9929281_1	(1.0, 7.867249169741497)	(2.0, 4.246578165710752)	(3.0, 3.1586209981297353)	(4.0, 2.5325992933670443)	(5.0, 2.2289864719505355)	(6.0, 1.920460656751865)	(7.0, 1.6571475852846955)	(8.0, 1.5165158414334534)	(9.0, 1.3178939590766652)	('>10', 22.575592621028946)	('>50', 8.292619151792904)	('>100', 16.369489660663234)	('>500', 6.2401968332428455)	('>1k', 10.909803514553037)	('>5k', 2.9049272840024982)	('>10k+', 6.261318793270247)
SRR9929281_2	(1.0, 9.600987693136913)	(2.0, 5.831543754624919)	(3.0, 4.870809271196091)	(4.0, 3.9127265160309594)	(5.0, 3.120778510053463)	(6.0, 2.7693217602908544)	(7.0, 2.354189028744462)	(8.0, 1.991823074973172)	(9.0, 1.787349777424905)	('>10', 21.845575301010616)	('>50', 7.313906392726914)	('>100', 15.265570480192892)	('>500', 5.437419734965591)	('>1k', 8.017223601899769)	('>5k', 2.049385157849165)	('>10k+', 3.8313899448792683)
SRR9929282_1	(1.0, 7.045128677677526)	(2.0, 3.728303600206681)	(3.0, 2.7082801188368246)	(4.0, 2.2001225939244256)	(5.0, 1.8799032310529424)	(6.0, 1.6316895990375855)	(7.0, 1.4042594241407886)	(8.0, 1.2875562715309157)	(9.0, 1.144720727325517)	('>10', 19.162261052864093)	('>50', 7.892882074070366)	('>100', 18.209084597779558)	('>500', 7.733723173712025)	('>1k', 13.17305853073385)	('>5k', 3.4400417570432165)	('>10k+', 7.358984570063883)
SRR9929282_2	(1.0, 9.023809478994364)	(2.0, 5.084370514539051)	(3.0, 3.9207740967922655)	(4.0, 3.0862307780589973)	(5.0, 2.552635409576055)	(6.0, 2.141857403264645)	(7.0, 1.8248023817374888)	(8.0, 1.7290034089536772)	(9.0, 1.4186597115692738)	('>10', 19.73095605089454)	('>50', 7.8550545319567515)	('>100', 19.41690845548075)	('>500', 6.461637633040067)	('>1k', 9.098110350387598)	('>5k', 2.1489036040561893)	('>10k+', 4.506286190698218)
SRR9929283_1	(1.0, 6.73799033432784)	(2.0, 4.321514930660161)	(3.0, 3.2282741872766065)	(4.0, 2.621542192415326)	(5.0, 2.1809638268913236)	(6.0, 1.8668924347437985)	(7.0, 1.632637425956455)	(8.0, 1.4721878181573755)	(9.0, 1.2989083686373681)	('>10', 21.45114756191553)	('>50', 8.199246946262914)	('>100', 16.781485433745523)	('>500', 6.632847038588105)	('>1k', 11.743132153435248)	('>5k', 3.2761507700350094)	('>10k+', 6.55507857695134)
SRR9929283_2	(1.0, 8.523377345537234)	(2.0, 5.501542876020539)	(3.0, 4.526818321777247)	(4.0, 3.720976670216922)	(5.0, 3.0504449678951344)	(6.0, 2.5896013740292037)	(7.0, 2.229913264371729)	(8.0, 1.9706052664240308)	(9.0, 1.7235195976481081)	('>10', 21.812279685161243)	('>50', 7.336315960913285)	('>100', 15.934271558085564)	('>500', 6.018644623011856)	('>1k', 8.43563853461384)	('>5k', 2.431069909917443)	('>10k+', 4.194980044376638)
SRR9929284_1	(1.0, 7.0170553077081115)	(2.0, 4.051017915946304)	(3.0, 2.872050923334106)	(4.0, 2.335940263009923)	(5.0, 1.9508717823003003)	(6.0, 1.6999376310724745)	(7.0, 1.5415438111863964)	(8.0, 1.391057439502221)	(9.0, 1.2563670195176977)	('>10', 19.378247348203875)	('>50', 7.352229713835152)	('>100', 15.713130569668273)	('>500', 6.300987244211431)	('>1k', 12.684190579467886)	('>5k', 3.4125125149552042)	('>10k+', 11.042859936080578)
SRR9929284_2	(1.0, 9.678765474394186)	(2.0, 5.626569660638968)	(3.0, 4.385521474157312)	(4.0, 3.388896190581974)	(5.0, 2.8045828665950028)	(6.0, 2.2763816440782554)	(7.0, 1.906319478837206)	(8.0, 1.6538106266524928)	(9.0, 1.5385058385862298)	('>10', 18.934087434433124)	('>50', 6.754920759446965)	('>100', 15.34818806017832)	('>500', 6.391955735528176)	('>1k', 9.246356025648838)	('>5k', 2.629572813269921)	('>10k+', 7.435565916973)
SRR9929285_1	(1.0, 6.926613128046433)	(2.0, 3.811575181191044)	(3.0, 2.7191657652320718)	(4.0, 2.2081508923852757)	(5.0, 1.8137668148415549)	(6.0, 1.6367529220618255)	(7.0, 1.4226681551624452)	(8.0, 1.2784119540942769)	(9.0, 1.1301915162947196)	('>10', 18.514243978372875)	('>50', 7.732727217600223)	('>100', 17.58259479532926)	('>500', 7.336637106447485)	('>1k', 12.93302088636178)	('>5k', 3.6140472557097825)	('>10k+', 9.339432430869065)
SRR9929285_2	(1.0, 9.52714361660159)	(2.0, 5.456236992819083)	(3.0, 4.162229121025991)	(4.0, 3.1842315873446143)	(5.0, 2.5540047642075003)	(6.0, 2.152292653931834)	(7.0, 1.7634575305185345)	(8.0, 1.550998604112958)	(9.0, 1.2766236200475762)	('>10', 18.981644874359784)	('>50', 7.768672434097951)	('>100', 18.250774424492516)	('>500', 6.233245835444991)	('>1k', 8.664074530206973)	('>5k', 2.2810694866172216)	('>10k+', 6.193299924170959)
SRR9929286_1	(1.0, 8.32928694833361)	(2.0, 4.376600300766664)	(3.0, 3.197945461655526)	(4.0, 2.618750493816926)	(5.0, 2.3216779038450372)	(6.0, 2.0002325801984093)	(7.0, 1.7868400679749117)	(8.0, 1.5374121478706537)	(9.0, 1.4145466287386954)	('>10', 21.695492084273184)	('>50', 7.835318705782745)	('>100', 15.974400430217386)	('>500', 6.021384890543486)	('>1k', 10.151477888110398)	('>5k', 2.932021903977493)	('>10k+', 7.806611563894786)
SRR9929286_2	(1.0, 10.97817332537174)	(2.0, 6.364415799284084)	(3.0, 5.0600018070329815)	(4.0, 3.8746572962266392)	(5.0, 3.2226494485541513)	(6.0, 2.53796602438616)	(7.0, 2.2786536047918386)	(8.0, 1.849986476597753)	(9.0, 1.6214573395774967)	('>10', 20.77640484602024)	('>50', 7.121274770773879)	('>100', 14.760352578321312)	('>500', 4.796644404261987)	('>1k', 7.540130586178416)	('>5k', 2.47913220772397)	('>10k+', 4.738099484897262)
