Sample	0	1	2	3	4	5	6	7	8	9	10	11	12	13	14	15	16	17	18	19	20	21	22	23	24	25	26	27	28	29	30	31	32	33	34	35	36	37	38	39	40	41	42	43
SRR9929263_1	(101, 33341110.0)																																											
SRR9929263_2	(101, 33341110.0)																																											
SRR9929264_1	(14, 8.0)	(16, 8.0)	(18, 15.0)	(20, 46.0)	(22, 24.0)	(24, 50.0)	(26, 93.0)	(28, 105.0)	(30, 247.0)	(32, 355.0)	(34, 343.0)	(36, 459.0)	(38, 588.0)	(40, 726.0)	(42, 1110.0)	(44, 1341.0)	(46, 1875.0)	(48, 2949.0)	(50, 4052.0)	(52, 4883.0)	(54, 5595.0)	(56, 7675.0)	(58, 10331.0)	(60, 13565.0)	(62, 16590.0)	(64, 20590.0)	(66, 25561.0)	(68, 32151.0)	(70, 39442.0)	(72, 48406.0)	(74, 58200.0)	(76, 69416.0)	(78, 79930.0)	(80, 95537.0)	(82, 118732.0)	(84, 139208.0)	(86, 164128.0)	(88, 180570.0)	(90, 209915.0)	(92, 249167.0)	(94, 265008.0)	(96, 310854.0)	(98, 331039.0)	(100, 29009781.0)
SRR9929264_2	(14, 8.0)	(16, 8.0)	(18, 13.0)	(20, 48.0)	(22, 26.0)	(24, 49.0)	(26, 92.0)	(28, 105.0)	(30, 244.0)	(32, 356.0)	(34, 347.0)	(36, 455.0)	(38, 586.0)	(40, 718.0)	(42, 1100.0)	(44, 1321.0)	(46, 1853.0)	(48, 2911.0)	(50, 4003.0)	(52, 4828.0)	(54, 5529.0)	(56, 7574.0)	(58, 10248.0)	(60, 13401.0)	(62, 16335.0)	(64, 20344.0)	(66, 25129.0)	(68, 31720.0)	(70, 38929.0)	(72, 47711.0)	(74, 57403.0)	(76, 68436.0)	(78, 78737.0)	(80, 94009.0)	(82, 116952.0)	(84, 137047.0)	(86, 161606.0)	(88, 177935.0)	(90, 206208.0)	(92, 246378.0)	(94, 271763.0)	(96, 320428.0)	(98, 331039.0)	(100, 29016736.0)
SRR9929265_1	(30, 209.0)	(32, 404.0)	(34, 405.0)	(36, 453.0)	(38, 615.0)	(40, 799.0)	(42, 1060.0)	(44, 1263.0)	(46, 1621.0)	(48, 2418.0)	(50, 3480.0)	(52, 4402.0)	(54, 5072.0)	(56, 6821.0)	(58, 9300.0)	(60, 12408.0)	(62, 14569.0)	(64, 18212.0)	(66, 22557.0)	(68, 27931.0)	(70, 34145.0)	(72, 41203.0)	(74, 49096.0)	(76, 58128.0)	(78, 67525.0)	(80, 79240.0)	(82, 99789.0)	(84, 116185.0)	(86, 139109.0)	(88, 155085.0)	(90, 180993.0)	(92, 207260.0)	(94, 232059.0)	(96, 255729.0)	(98, 304106.0)	(100, 30079722.0)								
SRR9929265_2	(14, 7.0)	(16, 23.0)	(18, 30.0)	(20, 69.0)	(22, 29.0)	(24, 59.0)	(26, 86.0)	(28, 122.0)	(30, 281.0)	(32, 404.0)	(34, 411.0)	(36, 462.0)	(38, 617.0)	(40, 806.0)	(42, 1066.0)	(44, 1266.0)	(46, 1626.0)	(48, 2430.0)	(50, 3497.0)	(52, 4413.0)	(54, 5092.0)	(56, 6846.0)	(58, 9329.0)	(60, 12437.0)	(62, 14595.0)	(64, 18250.0)	(66, 22599.0)	(68, 27991.0)	(70, 34194.0)	(72, 41272.0)	(74, 49201.0)	(76, 58261.0)	(78, 67641.0)	(80, 79385.0)	(82, 100029.0)	(84, 116497.0)	(86, 139368.0)	(88, 155432.0)	(90, 181989.0)	(92, 217652.0)	(94, 242498.0)	(96, 290543.0)	(98, 304106.0)	(100, 30020462.0)
SRR9929266_1	(14, 12.0)	(16, 12.0)	(18, 24.0)	(20, 34.0)	(22, 22.0)	(24, 26.0)	(26, 66.0)	(28, 103.0)	(30, 331.0)	(32, 443.0)	(34, 564.0)	(36, 808.0)	(38, 1191.0)	(40, 1718.0)	(42, 2304.0)	(44, 3100.0)	(46, 4309.0)	(48, 6290.0)	(50, 8990.0)	(52, 10390.0)	(54, 11427.0)	(56, 15246.0)	(58, 19663.0)	(60, 25311.0)	(62, 28785.0)	(64, 34132.0)	(66, 41635.0)	(68, 49495.0)	(70, 60420.0)	(72, 73236.0)	(74, 84522.0)	(76, 96181.0)	(78, 107640.0)	(80, 126674.0)	(82, 152911.0)	(84, 174264.0)	(86, 201905.0)	(88, 219242.0)	(90, 250741.0)	(92, 279648.0)	(94, 297550.0)	(96, 332491.0)	(98, 348915.0)	(100, 27125833.0)
SRR9929266_2	(14, 10.0)	(16, 12.0)	(18, 25.0)	(20, 34.0)	(22, 20.0)	(24, 26.0)	(26, 67.0)	(28, 100.0)	(30, 332.0)	(32, 445.0)	(34, 564.0)	(36, 811.0)	(38, 1188.0)	(40, 1716.0)	(42, 2279.0)	(44, 3068.0)	(46, 4260.0)	(48, 6228.0)	(50, 8897.0)	(52, 10308.0)	(54, 11321.0)	(56, 15080.0)	(58, 19441.0)	(60, 25048.0)	(62, 28473.0)	(64, 33725.0)	(66, 41115.0)	(68, 49023.0)	(70, 59736.0)	(72, 72495.0)	(74, 83652.0)	(76, 95119.0)	(78, 106304.0)	(80, 125021.0)	(82, 151009.0)	(84, 172070.0)	(86, 199249.0)	(88, 216760.0)	(90, 246579.0)	(92, 277069.0)	(94, 303311.0)	(96, 340936.0)	(98, 348915.0)	(100, 27136763.0)
SRR9929267_1	(14, 17.0)	(16, 13.0)	(18, 33.0)	(20, 46.0)	(22, 16.0)	(24, 63.0)	(26, 149.0)	(28, 176.0)	(30, 349.0)	(32, 538.0)	(34, 630.0)	(36, 828.0)	(38, 1376.0)	(40, 1965.0)	(42, 2612.0)	(44, 3262.0)	(46, 4423.0)	(48, 6462.0)	(50, 8973.0)	(52, 10423.0)	(54, 11567.0)	(56, 15155.0)	(58, 19445.0)	(60, 24184.0)	(62, 28040.0)	(64, 32214.0)	(66, 39333.0)	(68, 46229.0)	(70, 54724.0)	(72, 66480.0)	(74, 76397.0)	(76, 86596.0)	(78, 97636.0)	(80, 115538.0)	(82, 139347.0)	(84, 157758.0)	(86, 184760.0)	(88, 200066.0)	(90, 227054.0)	(92, 254836.0)	(94, 272025.0)	(96, 301260.0)	(98, 319253.0)	(100, 27305483.0)
SRR9929267_2	(14, 16.0)	(16, 12.0)	(18, 33.0)	(20, 47.0)	(22, 16.0)	(24, 61.0)	(26, 148.0)	(28, 178.0)	(30, 351.0)	(32, 532.0)	(34, 629.0)	(36, 833.0)	(38, 1357.0)	(40, 1926.0)	(42, 2579.0)	(44, 3234.0)	(46, 4381.0)	(48, 6361.0)	(50, 8872.0)	(52, 10324.0)	(54, 11398.0)	(56, 14967.0)	(58, 19197.0)	(60, 23911.0)	(62, 27658.0)	(64, 31777.0)	(66, 38757.0)	(68, 45672.0)	(70, 54001.0)	(72, 65572.0)	(74, 75413.0)	(76, 85371.0)	(78, 96141.0)	(80, 113821.0)	(82, 137377.0)	(84, 155276.0)	(86, 181627.0)	(88, 197269.0)	(90, 223070.0)	(92, 251861.0)	(94, 278240.0)	(96, 310794.0)	(98, 319253.0)	(100, 27317421.0)
SRR9929268_1	(14, 15.0)	(16, 16.0)	(18, 38.0)	(20, 83.0)	(22, 35.0)	(24, 92.0)	(26, 222.0)	(28, 273.0)	(30, 522.0)	(32, 746.0)	(34, 867.0)	(36, 1194.0)	(38, 2027.0)	(40, 3031.0)	(42, 3788.0)	(44, 4616.0)	(46, 6845.0)	(48, 10041.0)	(50, 13811.0)	(52, 16189.0)	(54, 17921.0)	(56, 23100.0)	(58, 29750.0)	(60, 37495.0)	(62, 42804.0)	(64, 49096.0)	(66, 58103.0)	(68, 68243.0)	(70, 81651.0)	(72, 96163.0)	(74, 108339.0)	(76, 123452.0)	(78, 135925.0)	(80, 156599.0)	(82, 188200.0)	(84, 210425.0)	(86, 239095.0)	(88, 256141.0)	(90, 285488.0)	(92, 317907.0)	(94, 334534.0)	(96, 365756.0)	(98, 384661.0)	(100, 26336746.0)
SRR9929268_2	(14, 16.0)	(16, 16.0)	(18, 38.0)	(20, 83.0)	(22, 36.0)	(24, 89.0)	(26, 223.0)	(28, 278.0)	(30, 522.0)	(32, 743.0)	(34, 863.0)	(36, 1197.0)	(38, 2014.0)	(40, 2997.0)	(42, 3765.0)	(44, 4562.0)	(46, 6777.0)	(48, 9952.0)	(50, 13637.0)	(52, 16016.0)	(54, 17706.0)	(56, 22849.0)	(58, 29396.0)	(60, 37100.0)	(62, 42315.0)	(64, 48443.0)	(66, 57316.0)	(68, 67450.0)	(70, 80721.0)	(72, 94976.0)	(74, 107081.0)	(76, 121918.0)	(78, 134054.0)	(80, 154494.0)	(82, 185722.0)	(84, 207550.0)	(86, 235410.0)	(88, 252946.0)	(90, 280950.0)	(92, 314242.0)	(94, 339819.0)	(96, 373979.0)	(98, 384661.0)	(100, 26357123.0)
SRR9929269_1	(14, 16.0)	(16, 14.0)	(18, 41.0)	(20, 61.0)	(22, 52.0)	(24, 117.0)	(26, 259.0)	(28, 401.0)	(30, 642.0)	(32, 933.0)	(34, 1101.0)	(36, 1651.0)	(38, 2542.0)	(40, 3564.0)	(42, 4668.0)	(44, 5656.0)	(46, 7465.0)	(48, 10744.0)	(50, 14241.0)	(52, 16072.0)	(54, 17540.0)	(56, 21767.0)	(58, 27770.0)	(60, 34208.0)	(62, 38045.0)	(64, 43016.0)	(66, 50137.0)	(68, 58746.0)	(70, 69179.0)	(72, 81999.0)	(74, 91450.0)	(76, 102168.0)	(78, 113346.0)	(80, 130454.0)	(82, 156223.0)	(84, 174981.0)	(86, 199024.0)	(88, 215522.0)	(90, 242232.0)	(92, 273463.0)	(94, 287543.0)	(96, 318998.0)	(98, 333819.0)	(100, 24772906.0)
SRR9929269_2	(14, 16.0)	(16, 15.0)	(18, 43.0)	(20, 61.0)	(22, 53.0)	(24, 116.0)	(26, 266.0)	(28, 400.0)	(30, 636.0)	(32, 928.0)	(34, 1092.0)	(36, 1651.0)	(38, 2526.0)	(40, 3527.0)	(42, 4641.0)	(44, 5614.0)	(46, 7390.0)	(48, 10654.0)	(50, 14092.0)	(52, 15910.0)	(54, 17364.0)	(56, 21558.0)	(58, 27486.0)	(60, 33885.0)	(62, 37594.0)	(64, 42577.0)	(66, 49547.0)	(68, 58087.0)	(70, 68387.0)	(72, 81115.0)	(74, 90528.0)	(76, 100989.0)	(78, 111928.0)	(80, 128830.0)	(82, 154502.0)	(84, 172965.0)	(86, 196522.0)	(88, 213004.0)	(90, 238678.0)	(92, 270469.0)	(94, 292879.0)	(96, 327557.0)	(98, 333819.0)	(100, 24784875.0)
SRR9929270_1	(30, 61.0)	(32, 130.0)	(34, 115.0)	(36, 180.0)	(38, 205.0)	(40, 266.0)	(42, 322.0)	(44, 528.0)	(46, 803.0)	(48, 1194.0)	(50, 1487.0)	(52, 1851.0)	(54, 2464.0)	(56, 3821.0)	(58, 5353.0)	(60, 7119.0)	(62, 8630.0)	(64, 10901.0)	(66, 13718.0)	(68, 18305.0)	(70, 22190.0)	(72, 30391.0)	(74, 35739.0)	(76, 42338.0)	(78, 50706.0)	(80, 64627.0)	(82, 87502.0)	(84, 95423.0)	(86, 116220.0)	(88, 130478.0)	(90, 153534.0)	(92, 181429.0)	(94, 189532.0)	(96, 222009.0)	(98, 265240.0)	(100, 16802237.0)								
SRR9929270_2	(30, 61.0)	(32, 130.0)	(34, 115.0)	(36, 180.0)	(38, 205.0)	(40, 266.0)	(42, 322.0)	(44, 528.0)	(46, 803.0)	(48, 1194.0)	(50, 1487.0)	(52, 1851.0)	(54, 2464.0)	(56, 3821.0)	(58, 5353.0)	(60, 7119.0)	(62, 8630.0)	(64, 10901.0)	(66, 13718.0)	(68, 18305.0)	(70, 22190.0)	(72, 30391.0)	(74, 35739.0)	(76, 42338.0)	(78, 50706.0)	(80, 64627.0)	(82, 87502.0)	(84, 95423.0)	(86, 116220.0)	(88, 130478.0)	(90, 153534.0)	(92, 181429.0)	(94, 189532.0)	(96, 222009.0)	(98, 265240.0)	(100, 16802237.0)								
SRR9929271_1	(14, 4.0)	(16, 7.0)	(18, 16.0)	(20, 7.0)	(22, 5.0)	(24, 16.0)	(26, 31.0)	(28, 33.0)	(30, 228.0)	(32, 345.0)	(34, 312.0)	(36, 326.0)	(38, 426.0)	(40, 550.0)	(42, 635.0)	(44, 918.0)	(46, 1191.0)	(48, 1691.0)	(50, 2499.0)	(52, 3089.0)	(54, 3634.0)	(56, 5162.0)	(58, 6716.0)	(60, 9463.0)	(62, 11514.0)	(64, 14477.0)	(66, 18711.0)	(68, 23766.0)	(70, 30587.0)	(72, 38910.0)	(74, 46736.0)	(76, 56362.0)	(78, 67530.0)	(80, 82634.0)	(82, 103138.0)	(84, 123344.0)	(86, 148907.0)	(88, 168881.0)	(90, 199576.0)	(92, 229921.0)	(94, 248579.0)	(96, 286200.0)	(98, 305342.0)	(100, 26844018.0)
SRR9929271_2	(14, 4.0)	(16, 6.0)	(18, 15.0)	(20, 7.0)	(22, 4.0)	(24, 16.0)	(26, 32.0)	(28, 33.0)	(30, 229.0)	(32, 345.0)	(34, 313.0)	(36, 330.0)	(38, 424.0)	(40, 544.0)	(42, 629.0)	(44, 907.0)	(46, 1171.0)	(48, 1642.0)	(50, 2467.0)	(52, 3035.0)	(54, 3576.0)	(56, 5101.0)	(58, 6599.0)	(60, 9299.0)	(62, 11248.0)	(64, 14171.0)	(66, 18337.0)	(68, 23326.0)	(70, 30057.0)	(72, 38185.0)	(74, 45895.0)	(76, 55328.0)	(78, 66084.0)	(80, 80994.0)	(82, 101103.0)	(84, 120632.0)	(86, 145559.0)	(88, 165417.0)	(90, 194218.0)	(92, 226807.0)	(94, 254286.0)	(96, 297142.0)	(98, 305342.0)	(100, 26855578.0)
SRR9929272_1	(14, 9.0)	(16, 26.0)	(18, 25.0)	(20, 75.0)	(22, 30.0)	(24, 52.0)	(26, 124.0)	(28, 176.0)	(30, 296.0)	(32, 480.0)	(34, 513.0)	(36, 634.0)	(38, 927.0)	(40, 1375.0)	(42, 1789.0)	(44, 2311.0)	(46, 3559.0)	(48, 5317.0)	(50, 7811.0)	(52, 9405.0)	(54, 11106.0)	(56, 14978.0)	(58, 20622.0)	(60, 27110.0)	(62, 33019.0)	(64, 39717.0)	(66, 47974.0)	(68, 58407.0)	(70, 70622.0)	(72, 85983.0)	(74, 99324.0)	(76, 115981.0)	(78, 131525.0)	(80, 152406.0)	(82, 185959.0)	(84, 211872.0)	(86, 244998.0)	(88, 263862.0)	(90, 299209.0)	(92, 341441.0)	(94, 354443.0)	(96, 398881.0)	(98, 423096.0)	(100, 26178324.0)
SRR9929272_2	(14, 9.0)	(16, 25.0)	(18, 24.0)	(20, 74.0)	(22, 32.0)	(24, 55.0)	(26, 128.0)	(28, 182.0)	(30, 289.0)	(32, 467.0)	(34, 503.0)	(36, 626.0)	(38, 909.0)	(40, 1349.0)	(42, 1750.0)	(44, 2261.0)	(46, 3466.0)	(48, 5217.0)	(50, 7639.0)	(52, 9218.0)	(54, 10831.0)	(56, 14629.0)	(58, 20197.0)	(60, 26527.0)	(62, 32261.0)	(64, 38800.0)	(66, 46772.0)	(68, 57153.0)	(70, 69075.0)	(72, 84025.0)	(74, 97066.0)	(76, 113457.0)	(78, 128253.0)	(80, 148661.0)	(82, 181600.0)	(84, 206587.0)	(86, 239018.0)	(88, 257752.0)	(90, 291577.0)	(92, 333964.0)	(94, 359497.0)	(96, 406149.0)	(98, 423096.0)	(100, 26224623.0)
SRR9929273_1	(14, 9.0)	(16, 13.0)	(18, 34.0)	(20, 35.0)	(22, 11.0)	(24, 17.0)	(26, 45.0)	(28, 68.0)	(30, 170.0)	(32, 295.0)	(34, 265.0)	(36, 425.0)	(38, 557.0)	(40, 764.0)	(42, 1146.0)	(44, 1446.0)	(46, 2123.0)	(48, 3207.0)	(50, 4591.0)	(52, 5503.0)	(54, 6333.0)	(56, 8746.0)	(58, 11430.0)	(60, 15017.0)	(62, 17735.0)	(64, 20817.0)	(66, 26384.0)	(68, 31859.0)	(70, 39018.0)	(72, 47805.0)	(74, 56184.0)	(76, 64405.0)	(78, 74718.0)	(80, 88224.0)	(82, 106917.0)	(84, 123446.0)	(86, 145609.0)	(88, 161094.0)	(90, 188826.0)	(92, 214115.0)	(94, 228231.0)	(96, 263374.0)	(98, 275203.0)	(100, 24442671.0)
SRR9929273_2	(14, 9.0)	(16, 13.0)	(18, 31.0)	(20, 36.0)	(22, 11.0)	(24, 19.0)	(26, 43.0)	(28, 68.0)	(30, 168.0)	(32, 294.0)	(34, 267.0)	(36, 428.0)	(38, 553.0)	(40, 754.0)	(42, 1130.0)	(44, 1422.0)	(46, 2091.0)	(48, 3156.0)	(50, 4528.0)	(52, 5436.0)	(54, 6233.0)	(56, 8629.0)	(58, 11296.0)	(60, 14828.0)	(62, 17427.0)	(64, 20462.0)	(66, 25892.0)	(68, 31368.0)	(70, 38405.0)	(72, 47066.0)	(74, 55301.0)	(76, 63355.0)	(78, 73351.0)	(80, 86728.0)	(82, 105063.0)	(84, 121237.0)	(86, 142825.0)	(88, 158314.0)	(90, 184942.0)	(92, 211078.0)	(94, 233913.0)	(96, 270762.0)	(98, 275203.0)	(100, 24454750.0)
SRR9929274_1	(14, 12.0)	(16, 19.0)	(18, 41.0)	(20, 69.0)	(22, 53.0)	(24, 103.0)	(26, 251.0)	(28, 344.0)	(30, 584.0)	(32, 752.0)	(34, 860.0)	(36, 1251.0)	(38, 1778.0)	(40, 2514.0)	(42, 3427.0)	(44, 4311.0)	(46, 5891.0)	(48, 8999.0)	(50, 12251.0)	(52, 14171.0)	(54, 15677.0)	(56, 20429.0)	(58, 26623.0)	(60, 33806.0)	(62, 38389.0)	(64, 44841.0)	(66, 52319.0)	(68, 62934.0)	(70, 74137.0)	(72, 88177.0)	(74, 100967.0)	(76, 114124.0)	(78, 127644.0)	(80, 145073.0)	(82, 174278.0)	(84, 194456.0)	(86, 219380.0)	(88, 235390.0)	(90, 263681.0)	(92, 294375.0)	(94, 299959.0)	(96, 333759.0)	(98, 352840.0)	(100, 23674216.0)
SRR9929274_2	(14, 13.0)	(16, 18.0)	(18, 43.0)	(20, 68.0)	(22, 53.0)	(24, 102.0)	(26, 248.0)	(28, 342.0)	(30, 570.0)	(32, 745.0)	(34, 844.0)	(36, 1239.0)	(38, 1756.0)	(40, 2456.0)	(42, 3378.0)	(44, 4219.0)	(46, 5776.0)	(48, 8785.0)	(50, 12019.0)	(52, 13938.0)	(54, 15340.0)	(56, 19995.0)	(58, 26126.0)	(60, 33018.0)	(62, 37539.0)	(64, 43856.0)	(66, 51067.0)	(68, 61628.0)	(70, 72569.0)	(72, 86340.0)	(74, 98755.0)	(76, 111690.0)	(78, 124715.0)	(80, 141622.0)	(82, 170283.0)	(84, 189870.0)	(86, 213976.0)	(88, 230075.0)	(90, 256813.0)	(92, 289447.0)	(94, 305659.0)	(96, 344562.0)	(98, 352840.0)	(100, 23710758.0)
SRR9929275_1	(14, 13.0)	(16, 23.0)	(18, 32.0)	(20, 41.0)	(22, 31.0)	(24, 91.0)	(26, 178.0)	(28, 239.0)	(30, 392.0)	(32, 626.0)	(34, 691.0)	(36, 985.0)	(38, 1568.0)	(40, 2349.0)	(42, 2855.0)	(44, 3581.0)	(46, 5081.0)	(48, 7466.0)	(50, 10431.0)	(52, 12469.0)	(54, 13869.0)	(56, 17776.0)	(58, 23408.0)	(60, 29837.0)	(62, 34272.0)	(64, 39870.0)	(66, 47561.0)	(68, 57066.0)	(70, 68422.0)	(72, 81201.0)	(74, 93283.0)	(76, 106088.0)	(78, 119709.0)	(80, 137225.0)	(82, 164835.0)	(84, 185628.0)	(86, 212398.0)	(88, 228484.0)	(90, 253865.0)	(92, 287348.0)	(94, 297483.0)	(96, 334089.0)	(98, 345094.0)	(100, 25607190.0)
SRR9929275_2	(14, 13.0)	(16, 23.0)	(18, 33.0)	(20, 42.0)	(22, 29.0)	(24, 91.0)	(26, 182.0)	(28, 237.0)	(30, 393.0)	(32, 621.0)	(34, 683.0)	(36, 982.0)	(38, 1551.0)	(40, 2158.0)	(42, 2813.0)	(44, 3537.0)	(46, 5015.0)	(48, 7376.0)	(50, 10298.0)	(52, 12294.0)	(54, 13704.0)	(56, 17485.0)	(58, 23078.0)	(60, 29385.0)	(62, 33714.0)	(64, 39213.0)	(66, 46747.0)	(68, 56212.0)	(70, 67323.0)	(72, 79900.0)	(74, 91825.0)	(76, 104359.0)	(78, 117662.0)	(80, 134881.0)	(82, 162130.0)	(84, 182318.0)	(86, 208503.0)	(88, 224703.0)	(90, 248988.0)	(92, 282853.0)	(94, 302998.0)	(96, 343369.0)	(98, 345094.0)	(100, 25630328.0)
SRR9929276_1	(14, 23.0)	(16, 22.0)	(18, 57.0)	(20, 28.0)	(22, 39.0)	(24, 94.0)	(26, 243.0)	(28, 358.0)	(30, 678.0)	(32, 988.0)	(34, 1290.0)	(36, 2024.0)	(38, 3386.0)	(40, 4872.0)	(42, 6345.0)	(44, 7935.0)	(46, 10876.0)	(48, 15917.0)	(50, 22007.0)	(52, 24895.0)	(54, 26781.0)	(56, 34423.0)	(58, 43555.0)	(60, 53008.0)	(62, 59302.0)	(64, 65765.0)	(66, 78229.0)	(68, 89462.0)	(70, 104495.0)	(72, 122887.0)	(74, 135742.0)	(76, 147400.0)	(78, 162537.0)	(80, 188304.0)	(82, 220091.0)	(84, 242590.0)	(86, 273062.0)	(88, 292619.0)	(90, 328773.0)	(92, 345993.0)	(94, 357183.0)	(96, 383698.0)	(98, 402234.0)	(100, 23452673.0)
SRR9929276_2	(14, 23.0)	(16, 21.0)	(18, 59.0)	(20, 29.0)	(22, 38.0)	(24, 93.0)	(26, 245.0)	(28, 354.0)	(30, 677.0)	(32, 978.0)	(34, 1277.0)	(36, 2002.0)	(38, 3327.0)	(40, 4780.0)	(42, 6265.0)	(44, 7798.0)	(46, 10696.0)	(48, 15654.0)	(50, 21611.0)	(52, 24540.0)	(54, 26357.0)	(56, 33935.0)	(58, 42869.0)	(60, 52207.0)	(62, 58284.0)	(64, 64427.0)	(66, 76588.0)	(68, 87979.0)	(70, 102807.0)	(72, 120803.0)	(74, 133640.0)	(76, 144964.0)	(78, 159393.0)	(80, 184654.0)	(82, 216122.0)	(84, 237725.0)	(86, 267332.0)	(88, 287213.0)	(90, 322257.0)	(92, 339989.0)	(94, 361605.0)	(96, 388516.0)	(98, 402234.0)	(100, 23500516.0)
SRR9929277_1	(14, 11.0)	(16, 13.0)	(18, 21.0)	(20, 62.0)	(22, 39.0)	(24, 59.0)	(26, 145.0)	(28, 228.0)	(30, 433.0)	(32, 656.0)	(34, 678.0)	(36, 838.0)	(38, 1245.0)	(40, 1853.0)	(42, 2385.0)	(44, 2875.0)	(46, 4036.0)	(48, 5763.0)	(50, 8431.0)	(52, 9931.0)	(54, 10844.0)	(56, 14945.0)	(58, 18540.0)	(60, 24352.0)	(62, 29125.0)	(64, 33575.0)	(66, 40992.0)	(68, 48043.0)	(70, 56677.0)	(72, 68527.0)	(74, 78919.0)	(76, 91403.0)	(78, 103210.0)	(80, 120537.0)	(82, 149563.0)	(84, 169848.0)	(86, 195606.0)	(88, 214320.0)	(90, 245307.0)	(92, 277484.0)	(94, 296451.0)	(96, 330299.0)	(98, 365587.0)	(100, 26164066.0)
SRR9929277_2	(14, 10.0)	(16, 13.0)	(18, 20.0)	(20, 63.0)	(22, 38.0)	(24, 60.0)	(26, 141.0)	(28, 231.0)	(30, 431.0)	(32, 652.0)	(34, 674.0)	(36, 827.0)	(38, 1239.0)	(40, 1831.0)	(42, 2350.0)	(44, 2831.0)	(46, 3981.0)	(48, 5672.0)	(50, 8335.0)	(52, 9825.0)	(54, 10660.0)	(56, 14733.0)	(58, 18319.0)	(60, 23964.0)	(62, 28707.0)	(64, 33013.0)	(66, 40278.0)	(68, 47291.0)	(70, 55782.0)	(72, 67468.0)	(74, 77641.0)	(76, 89968.0)	(78, 101321.0)	(80, 118484.0)	(82, 147034.0)	(84, 166991.0)	(86, 192074.0)	(88, 210805.0)	(90, 240204.0)	(92, 274118.0)	(94, 302028.0)	(96, 340681.0)	(98, 365587.0)	(100, 26181547.0)
SRR9929278_1	(14, 7.0)	(16, 9.0)	(18, 26.0)	(20, 26.0)	(22, 15.0)	(24, 31.0)	(26, 78.0)	(28, 130.0)	(30, 265.0)	(32, 424.0)	(34, 477.0)	(36, 631.0)	(38, 870.0)	(40, 1326.0)	(42, 1801.0)	(44, 2274.0)	(46, 3242.0)	(48, 5055.0)	(50, 7381.0)	(52, 8771.0)	(54, 9978.0)	(56, 13370.0)	(58, 17302.0)	(60, 23049.0)	(62, 27478.0)	(64, 31894.0)	(66, 39424.0)	(68, 46957.0)	(70, 57187.0)	(72, 69300.0)	(74, 80599.0)	(76, 93461.0)	(78, 106157.0)	(80, 125274.0)	(82, 153298.0)	(84, 177225.0)	(86, 208322.0)	(88, 228240.0)	(90, 259618.0)	(92, 292097.0)	(94, 314581.0)	(96, 345780.0)	(98, 373509.0)	(100, 24474927.0)
SRR9929278_2	(14, 6.0)	(16, 9.0)	(18, 26.0)	(20, 25.0)	(22, 14.0)	(24, 30.0)	(26, 74.0)	(28, 132.0)	(30, 261.0)	(32, 424.0)	(34, 472.0)	(36, 625.0)	(38, 862.0)	(40, 1315.0)	(42, 1777.0)	(44, 2257.0)	(46, 3203.0)	(48, 5000.0)	(50, 7269.0)	(52, 8664.0)	(54, 9832.0)	(56, 13159.0)	(58, 17080.0)	(60, 22752.0)	(62, 27088.0)	(64, 31394.0)	(66, 38736.0)	(68, 46284.0)	(70, 56362.0)	(72, 68324.0)	(74, 79464.0)	(76, 92251.0)	(78, 104441.0)	(80, 123268.0)	(82, 151008.0)	(84, 174332.0)	(86, 204967.0)	(88, 224945.0)	(90, 255303.0)	(92, 288173.0)	(94, 319546.0)	(96, 352160.0)	(98, 373509.0)	(100, 24495043.0)
SRR9929279_1	(14, 5.0)	(16, 12.0)	(18, 22.0)	(20, 28.0)	(22, 11.0)	(24, 18.0)	(26, 26.0)	(28, 47.0)	(30, 185.0)	(32, 301.0)	(34, 335.0)	(36, 398.0)	(38, 557.0)	(40, 861.0)	(42, 1068.0)	(44, 1424.0)	(46, 2010.0)	(48, 3047.0)	(50, 4252.0)	(52, 5290.0)	(54, 5983.0)	(56, 7852.0)	(58, 10742.0)	(60, 13840.0)	(62, 16720.0)	(64, 20145.0)	(66, 24523.0)	(68, 29958.0)	(70, 38061.0)	(72, 48591.0)	(74, 57635.0)	(76, 67407.0)	(78, 77904.0)	(80, 93282.0)	(82, 115156.0)	(84, 134852.0)	(86, 158649.0)	(88, 178327.0)	(90, 210176.0)	(92, 238954.0)	(94, 255815.0)	(96, 301718.0)	(98, 312355.0)	(100, 25190952.0)
SRR9929279_2	(14, 5.0)	(16, 13.0)	(18, 21.0)	(20, 28.0)	(22, 11.0)	(24, 15.0)	(26, 25.0)	(28, 48.0)	(30, 184.0)	(32, 300.0)	(34, 332.0)	(36, 399.0)	(38, 553.0)	(40, 836.0)	(42, 1058.0)	(44, 1400.0)	(46, 1988.0)	(48, 3006.0)	(50, 4211.0)	(52, 5238.0)	(54, 5922.0)	(56, 7762.0)	(58, 10625.0)	(60, 13673.0)	(62, 16507.0)	(64, 19884.0)	(66, 24213.0)	(68, 29591.0)	(70, 37588.0)	(72, 47975.0)	(74, 56892.0)	(76, 66578.0)	(78, 76820.0)	(80, 91932.0)	(82, 113539.0)	(84, 132872.0)	(86, 156402.0)	(88, 175873.0)	(90, 206449.0)	(92, 235951.0)	(94, 261475.0)	(96, 310253.0)	(98, 312355.0)	(100, 25198692.0)
SRR9929280_1	(14, 8.0)	(16, 6.0)	(18, 21.0)	(20, 36.0)	(22, 16.0)	(24, 58.0)	(26, 97.0)	(28, 150.0)	(30, 305.0)	(32, 511.0)	(34, 503.0)	(36, 693.0)	(38, 953.0)	(40, 1470.0)	(42, 2007.0)	(44, 2532.0)	(46, 3650.0)	(48, 5630.0)	(50, 8123.0)	(52, 10113.0)	(54, 11725.0)	(56, 15692.0)	(58, 20630.0)	(60, 26758.0)	(62, 31768.0)	(64, 37585.0)	(66, 44620.0)	(68, 52943.0)	(70, 63337.0)	(72, 75247.0)	(74, 86277.0)	(76, 97876.0)	(78, 110722.0)	(80, 127615.0)	(82, 153982.0)	(84, 174714.0)	(86, 202961.0)	(88, 223313.0)	(90, 253749.0)	(92, 283389.0)	(94, 303727.0)	(96, 340137.0)	(98, 363571.0)	(100, 28970576.0)
SRR9929280_2	(14, 8.0)	(16, 7.0)	(18, 21.0)	(20, 37.0)	(22, 16.0)	(24, 57.0)	(26, 97.0)	(28, 148.0)	(30, 303.0)	(32, 506.0)	(34, 497.0)	(36, 686.0)	(38, 941.0)	(40, 1445.0)	(42, 1979.0)	(44, 2504.0)	(46, 3592.0)	(48, 5569.0)	(50, 8005.0)	(52, 9993.0)	(54, 11532.0)	(56, 15446.0)	(58, 20337.0)	(60, 26403.0)	(62, 31232.0)	(64, 36944.0)	(66, 43867.0)	(68, 52179.0)	(70, 62397.0)	(72, 74138.0)	(74, 85078.0)	(76, 96346.0)	(78, 108680.0)	(80, 125489.0)	(82, 151513.0)	(84, 171606.0)	(86, 199237.0)	(88, 219604.0)	(90, 248358.0)	(92, 280007.0)	(94, 310581.0)	(96, 351099.0)	(98, 363571.0)	(100, 28987741.0)
SRR9929281_1	(14, 17.0)	(16, 13.0)	(18, 39.0)	(20, 31.0)	(22, 13.0)	(24, 23.0)	(26, 47.0)	(28, 77.0)	(30, 252.0)	(32, 360.0)	(34, 439.0)	(36, 539.0)	(38, 739.0)	(40, 1051.0)	(42, 1544.0)	(44, 1780.0)	(46, 2534.0)	(48, 3971.0)	(50, 5902.0)	(52, 6918.0)	(54, 7822.0)	(56, 10787.0)	(58, 13946.0)	(60, 18550.0)	(62, 21884.0)	(64, 25683.0)	(66, 32372.0)	(68, 39331.0)	(70, 48823.0)	(72, 60180.0)	(74, 70341.0)	(76, 81698.0)	(78, 93958.0)	(80, 112762.0)	(82, 136601.0)	(84, 157502.0)	(86, 185478.0)	(88, 206738.0)	(90, 239876.0)	(92, 267948.0)	(94, 289438.0)	(96, 328859.0)	(98, 343537.0)	(100, 28728026.0)
SRR9929281_2	(14, 16.0)	(16, 13.0)	(18, 39.0)	(20, 31.0)	(22, 13.0)	(24, 25.0)	(26, 50.0)	(28, 79.0)	(30, 253.0)	(32, 360.0)	(34, 440.0)	(36, 542.0)	(38, 736.0)	(40, 1047.0)	(42, 1539.0)	(44, 1771.0)	(46, 2522.0)	(48, 3949.0)	(50, 5849.0)	(52, 6883.0)	(54, 7767.0)	(56, 10721.0)	(58, 13838.0)	(60, 18385.0)	(62, 21695.0)	(64, 25473.0)	(66, 32098.0)	(68, 39022.0)	(70, 48380.0)	(72, 59739.0)	(74, 69787.0)	(76, 80931.0)	(78, 93125.0)	(80, 111690.0)	(82, 135409.0)	(84, 155998.0)	(86, 183639.0)	(88, 204901.0)	(90, 236984.0)	(92, 266084.0)	(94, 295225.0)	(96, 337399.0)	(98, 343537.0)	(100, 28730445.0)
SRR9929282_1	(14, 23.0)	(16, 15.0)	(18, 52.0)	(20, 56.0)	(22, 39.0)	(24, 104.0)	(26, 194.0)	(28, 308.0)	(30, 587.0)	(32, 857.0)	(34, 1099.0)	(36, 1660.0)	(38, 2571.0)	(40, 3776.0)	(42, 4834.0)	(44, 6023.0)	(46, 8605.0)	(48, 12289.0)	(50, 17396.0)	(52, 20075.0)	(54, 21411.0)	(56, 28096.0)	(58, 35120.0)	(60, 43644.0)	(62, 49703.0)	(64, 55863.0)	(66, 67835.0)	(68, 77555.0)	(70, 90597.0)	(72, 107146.0)	(74, 120560.0)	(76, 133879.0)	(78, 149147.0)	(80, 172003.0)	(82, 201282.0)	(84, 224477.0)	(86, 257567.0)	(88, 275717.0)	(90, 309333.0)	(92, 330820.0)	(94, 348798.0)	(96, 378727.0)	(98, 396550.0)	(100, 25612082.0)
SRR9929282_2	(14, 23.0)	(16, 15.0)	(18, 50.0)	(20, 59.0)	(22, 37.0)	(24, 106.0)	(26, 195.0)	(28, 308.0)	(30, 584.0)	(32, 852.0)	(34, 1094.0)	(36, 1644.0)	(38, 2548.0)	(40, 3733.0)	(42, 4801.0)	(44, 5966.0)	(46, 8521.0)	(48, 12187.0)	(50, 17236.0)	(52, 19932.0)	(54, 21196.0)	(56, 27827.0)	(58, 34814.0)	(60, 43257.0)	(62, 49141.0)	(64, 55230.0)	(66, 67011.0)	(68, 76812.0)	(70, 89679.0)	(72, 106037.0)	(74, 119331.0)	(76, 132519.0)	(78, 147338.0)	(80, 169983.0)	(82, 199087.0)	(84, 221813.0)	(86, 254543.0)	(88, 272669.0)	(90, 305255.0)	(92, 327749.0)	(94, 354375.0)	(96, 385268.0)	(98, 396550.0)	(100, 25631100.0)
SRR9929283_1	(14, 6.0)	(16, 27.0)	(18, 28.0)	(20, 72.0)	(22, 39.0)	(24, 99.0)	(26, 254.0)	(28, 374.0)	(30, 644.0)	(32, 900.0)	(34, 990.0)	(36, 1264.0)	(38, 1863.0)	(40, 2676.0)	(42, 3576.0)	(44, 4244.0)	(46, 5829.0)	(48, 8649.0)	(50, 12038.0)	(52, 14578.0)	(54, 15657.0)	(56, 20987.0)	(58, 27227.0)	(60, 34724.0)	(62, 40435.0)	(64, 46293.0)	(66, 55446.0)	(68, 66848.0)	(70, 79035.0)	(72, 93133.0)	(74, 106284.0)	(76, 121054.0)	(78, 133972.0)	(80, 155718.0)	(82, 186805.0)	(84, 206421.0)	(86, 237648.0)	(88, 252688.0)	(90, 284599.0)	(92, 311807.0)	(94, 328511.0)	(96, 358400.0)	(98, 379025.0)	(100, 26679799.0)
SRR9929283_2	(14, 7.0)	(16, 28.0)	(18, 28.0)	(20, 71.0)	(22, 39.0)	(24, 102.0)	(26, 253.0)	(28, 369.0)	(30, 643.0)	(32, 898.0)	(34, 988.0)	(36, 1258.0)	(38, 1852.0)	(40, 2620.0)	(42, 3550.0)	(44, 4219.0)	(46, 5762.0)	(48, 8579.0)	(50, 11903.0)	(52, 14477.0)	(54, 15498.0)	(56, 20811.0)	(58, 26950.0)	(60, 34393.0)	(62, 39988.0)	(64, 45771.0)	(66, 54811.0)	(68, 66187.0)	(70, 78179.0)	(72, 92191.0)	(74, 105256.0)	(76, 119800.0)	(78, 132448.0)	(80, 153904.0)	(82, 184795.0)	(84, 203958.0)	(86, 234872.0)	(88, 249986.0)	(90, 280334.0)	(92, 309003.0)	(94, 334471.0)	(96, 369314.0)	(98, 379025.0)	(100, 26691075.0)
SRR9929284_1	(30, 268.0)	(32, 578.0)	(34, 643.0)	(36, 928.0)	(38, 1435.0)	(40, 2042.0)	(42, 2765.0)	(44, 3640.0)	(46, 4920.0)	(48, 7115.0)	(50, 10177.0)	(52, 11949.0)	(54, 13385.0)	(56, 19467.0)	(58, 22735.0)	(60, 29643.0)	(62, 35605.0)	(64, 40780.0)	(66, 51588.0)	(68, 56681.0)	(70, 67111.0)	(72, 80145.0)	(74, 91763.0)	(76, 106436.0)	(78, 117324.0)	(80, 139947.0)	(82, 169309.0)	(84, 187259.0)	(86, 219631.0)	(88, 239500.0)	(90, 266172.0)	(92, 280638.0)	(94, 317137.0)	(96, 315867.0)	(98, 371646.0)	(100, 23368723.0)								
SRR9929284_2	(14, 27.0)	(16, 28.0)	(18, 72.0)	(20, 73.0)	(22, 30.0)	(24, 70.0)	(26, 116.0)	(28, 218.0)	(30, 370.0)	(32, 578.0)	(34, 645.0)	(36, 936.0)	(38, 1440.0)	(40, 2045.0)	(42, 2769.0)	(44, 3644.0)	(46, 4929.0)	(48, 7126.0)	(50, 10202.0)	(52, 11973.0)	(54, 13416.0)	(56, 19499.0)	(58, 22783.0)	(60, 29688.0)	(62, 35659.0)	(64, 40831.0)	(66, 51675.0)	(68, 56761.0)	(70, 67201.0)	(72, 80273.0)	(74, 91926.0)	(76, 106618.0)	(78, 117479.0)	(80, 140181.0)	(82, 169582.0)	(84, 187624.0)	(86, 220015.0)	(88, 239920.0)	(90, 267113.0)	(92, 288416.0)	(94, 324219.0)	(96, 340355.0)	(98, 371646.0)	(100, 23324781.0)
SRR9929285_1	(14, 16.0)	(16, 39.0)	(18, 47.0)	(20, 81.0)	(22, 42.0)	(24, 99.0)	(26, 224.0)	(28, 322.0)	(30, 509.0)	(32, 644.0)	(34, 721.0)	(36, 1191.0)	(38, 1816.0)	(40, 2477.0)	(42, 3373.0)	(44, 4165.0)	(46, 5598.0)	(48, 7979.0)	(50, 11466.0)	(52, 13237.0)	(54, 14249.0)	(56, 19002.0)	(58, 23259.0)	(60, 29572.0)	(62, 33501.0)	(64, 37226.0)	(66, 45620.0)	(68, 52432.0)	(70, 62244.0)	(72, 73291.0)	(74, 83509.0)	(76, 92683.0)	(78, 103853.0)	(80, 122474.0)	(82, 147890.0)	(84, 165331.0)	(86, 194699.0)	(88, 211245.0)	(90, 242931.0)	(92, 260179.0)	(94, 280788.0)	(96, 305250.0)	(98, 326613.0)	(100, 22958551.0)
SRR9929285_2	(14, 16.0)	(16, 39.0)	(18, 49.0)	(20, 81.0)	(22, 40.0)	(24, 104.0)	(26, 216.0)	(28, 315.0)	(30, 507.0)	(32, 640.0)	(34, 718.0)	(36, 1181.0)	(38, 1797.0)	(40, 2454.0)	(42, 3340.0)	(44, 4123.0)	(46, 5519.0)	(48, 7908.0)	(50, 11362.0)	(52, 13131.0)	(54, 14125.0)	(56, 18832.0)	(58, 23052.0)	(60, 29268.0)	(62, 33114.0)	(64, 36746.0)	(66, 45103.0)	(68, 51939.0)	(70, 61635.0)	(72, 72589.0)	(74, 82743.0)	(76, 91738.0)	(78, 102679.0)	(80, 121061.0)	(82, 146350.0)	(84, 163219.0)	(86, 192298.0)	(88, 208912.0)	(90, 240148.0)	(92, 257845.0)	(94, 285313.0)	(96, 311112.0)	(98, 326613.0)	(100, 22970464.0)
SRR9929286_1	(14, 10.0)	(16, 11.0)	(18, 32.0)	(20, 35.0)	(22, 20.0)	(24, 26.0)	(26, 54.0)	(28, 91.0)	(30, 267.0)	(32, 477.0)	(34, 512.0)	(36, 852.0)	(38, 1239.0)	(40, 1730.0)	(42, 2331.0)	(44, 3044.0)	(46, 4217.0)	(48, 6288.0)	(50, 8574.0)	(52, 10545.0)	(54, 11714.0)	(56, 15105.0)	(58, 19566.0)	(60, 25523.0)	(62, 28948.0)	(64, 33838.0)	(66, 40887.0)	(68, 48422.0)	(70, 59267.0)	(72, 72621.0)	(74, 84190.0)	(76, 94511.0)	(78, 105869.0)	(80, 125927.0)	(82, 152642.0)	(84, 173900.0)	(86, 200502.0)	(88, 221381.0)	(90, 261809.0)	(92, 278840.0)	(94, 292555.0)	(96, 329188.0)	(98, 350172.0)	(100, 23599367.0)
SRR9929286_2	(14, 10.0)	(16, 12.0)	(18, 32.0)	(20, 36.0)	(22, 19.0)	(24, 27.0)	(26, 55.0)	(28, 93.0)	(30, 270.0)	(32, 475.0)	(34, 512.0)	(36, 849.0)	(38, 1234.0)	(40, 1718.0)	(42, 2310.0)	(44, 3020.0)	(46, 4155.0)	(48, 6232.0)	(50, 8476.0)	(52, 10442.0)	(54, 11574.0)	(56, 14947.0)	(58, 19323.0)	(60, 25221.0)	(62, 28567.0)	(64, 33399.0)	(66, 40307.0)	(68, 47847.0)	(70, 58497.0)	(72, 71709.0)	(74, 83152.0)	(76, 93284.0)	(78, 104354.0)	(80, 124046.0)	(82, 150561.0)	(84, 171165.0)	(86, 197379.0)	(88, 218160.0)	(90, 257311.0)	(92, 275081.0)	(94, 296610.0)	(96, 335372.0)	(98, 350172.0)	(100, 23619084.0)
