Sample	0	1	2	3	4	5	6	7	8	9	10	11	12	13	14	15	16	17	18	19	20	21	22	23
SRR9929263_1	(21.0, 2.0)	(22.0, 8.0)	(23.0, 12.0)	(24.0, 36.0)	(25.0, 226.0)	(26.0, 1017.0)	(27.0, 3785.0)	(28.0, 11491.0)	(29.0, 33252.0)	(30.0, 82254.0)	(31.0, 166268.0)	(32.0, 281426.0)	(33.0, 434691.0)	(34.0, 665487.0)	(35.0, 1339393.0)	(36.0, 12391452.0)	(37.0, 17930310.0)							
SRR9929263_2	(14.0, 5.0)	(15.0, 58.0)	(16.0, 421.0)	(17.0, 3122.0)	(18.0, 14044.0)	(19.0, 31993.0)	(20.0, 38959.0)	(21.0, 30429.0)	(22.0, 22433.0)	(23.0, 21571.0)	(24.0, 28481.0)	(25.0, 45289.0)	(26.0, 71127.0)	(27.0, 90920.0)	(28.0, 98392.0)	(29.0, 105552.0)	(30.0, 129312.0)	(31.0, 176304.0)	(32.0, 259204.0)	(33.0, 413806.0)	(34.0, 778251.0)	(35.0, 2281826.0)	(36.0, 16941852.0)	(37.0, 11757759.0)
SRR9929264_1	(21.0, 1.0)	(22.0, 13.0)	(23.0, 31.0)	(24.0, 57.0)	(25.0, 299.0)	(26.0, 1007.0)	(27.0, 3634.0)	(28.0, 11031.0)	(29.0, 31701.0)	(30.0, 76015.0)	(31.0, 152964.0)	(32.0, 258572.0)	(33.0, 397226.0)	(34.0, 609460.0)	(35.0, 1250469.0)	(36.0, 11717491.0)	(37.0, 17010697.0)							
SRR9929264_2	(18.0, 6.0)	(19.0, 1922.0)	(20.0, 13185.0)	(21.0, 17462.0)	(22.0, 16232.0)	(23.0, 17670.0)	(24.0, 26298.0)	(25.0, 46330.0)	(26.0, 76797.0)	(27.0, 99556.0)	(28.0, 102258.0)	(29.0, 103724.0)	(30.0, 120595.0)	(31.0, 159485.0)	(32.0, 230299.0)	(33.0, 364952.0)	(34.0, 683398.0)	(35.0, 2022873.0)	(36.0, 15435753.0)	(37.0, 11981873.0)				
SRR9929265_1	(22.0, 8.0)	(23.0, 36.0)	(24.0, 104.0)	(25.0, 303.0)	(26.0, 1273.0)	(27.0, 4212.0)	(28.0, 12681.0)	(29.0, 34368.0)	(30.0, 82896.0)	(31.0, 166675.0)	(32.0, 281795.0)	(33.0, 433970.0)	(34.0, 661802.0)	(35.0, 1331076.0)	(36.0, 11857374.0)	(37.0, 17364800.0)								
SRR9929265_2	(18.0, 2.0)	(19.0, 2472.0)	(20.0, 15068.0)	(21.0, 19352.0)	(22.0, 17335.0)	(23.0, 19051.0)	(24.0, 28556.0)	(25.0, 48721.0)	(26.0, 78078.0)	(27.0, 100129.0)	(28.0, 107446.0)	(29.0, 114712.0)	(30.0, 140962.0)	(31.0, 191828.0)	(32.0, 278571.0)	(33.0, 441707.0)	(34.0, 832128.0)	(35.0, 2518266.0)	(36.0, 16977325.0)	(37.0, 10301664.0)				
SRR9929266_1	(22.0, 15.0)	(23.0, 31.0)	(24.0, 46.0)	(25.0, 177.0)	(26.0, 973.0)	(27.0, 3418.0)	(28.0, 10925.0)	(29.0, 32642.0)	(30.0, 81155.0)	(31.0, 163154.0)	(32.0, 273229.0)	(33.0, 413593.0)	(34.0, 615300.0)	(35.0, 1220790.0)	(36.0, 11095422.0)	(37.0, 16287734.0)								
SRR9929266_2	(18.0, 5.0)	(19.0, 1598.0)	(20.0, 10786.0)	(21.0, 14456.0)	(22.0, 13207.0)	(23.0, 13905.0)	(24.0, 20620.0)	(25.0, 37658.0)	(26.0, 62205.0)	(27.0, 83014.0)	(28.0, 91222.0)	(29.0, 98575.0)	(30.0, 122324.0)	(31.0, 167489.0)	(32.0, 244232.0)	(33.0, 384577.0)	(34.0, 709154.0)	(35.0, 2040786.0)	(36.0, 14868676.0)	(37.0, 11214115.0)				
SRR9929267_1	(22.0, 12.0)	(23.0, 27.0)	(24.0, 73.0)	(25.0, 238.0)	(26.0, 1059.0)	(27.0, 3968.0)	(28.0, 11852.0)	(29.0, 34178.0)	(30.0, 83383.0)	(31.0, 165187.0)	(32.0, 273100.0)	(33.0, 411736.0)	(34.0, 616869.0)	(35.0, 1226356.0)	(36.0, 11092257.0)	(37.0, 16197439.0)								
SRR9929267_2	(18.0, 5.0)	(19.0, 1918.0)	(20.0, 12812.0)	(21.0, 17087.0)	(22.0, 15681.0)	(23.0, 17421.0)	(24.0, 26223.0)	(25.0, 47139.0)	(26.0, 77513.0)	(27.0, 99612.0)	(28.0, 102976.0)	(29.0, 105009.0)	(30.0, 123137.0)	(31.0, 163729.0)	(32.0, 235519.0)	(33.0, 368639.0)	(34.0, 680029.0)	(35.0, 1960715.0)	(36.0, 14714320.0)	(37.0, 11348250.0)				
SRR9929268_1	(22.0, 9.0)	(23.0, 14.0)	(24.0, 56.0)	(25.0, 226.0)	(26.0, 1077.0)	(27.0, 3796.0)	(28.0, 11452.0)	(29.0, 32183.0)	(30.0, 78020.0)	(31.0, 156466.0)	(32.0, 262044.0)	(33.0, 399225.0)	(34.0, 598854.0)	(35.0, 1186474.0)	(36.0, 10853213.0)	(37.0, 16428936.0)								
SRR9929268_2	(18.0, 11.0)	(19.0, 1863.0)	(20.0, 11649.0)	(21.0, 15537.0)	(22.0, 14412.0)	(23.0, 15522.0)	(24.0, 23401.0)	(25.0, 41979.0)	(26.0, 69550.0)	(27.0, 92550.0)	(28.0, 99633.0)	(29.0, 103478.0)	(30.0, 124707.0)	(31.0, 166551.0)	(32.0, 240455.0)	(33.0, 378137.0)	(34.0, 698730.0)	(35.0, 2039435.0)	(36.0, 14886007.0)	(37.0, 10988438.0)				
SRR9929269_1	(21.0, 2.0)	(22.0, 5.0)	(23.0, 29.0)	(24.0, 60.0)	(25.0, 225.0)	(26.0, 961.0)	(27.0, 3332.0)	(28.0, 10824.0)	(29.0, 31827.0)	(30.0, 77621.0)	(31.0, 153978.0)	(32.0, 254368.0)	(33.0, 383935.0)	(34.0, 570017.0)	(35.0, 1131330.0)	(36.0, 10354215.0)	(37.0, 14952047.0)							
SRR9929269_2	(18.0, 1.0)	(19.0, 1431.0)	(20.0, 9814.0)	(21.0, 13495.0)	(22.0, 12370.0)	(23.0, 13284.0)	(24.0, 20351.0)	(25.0, 35627.0)	(26.0, 58749.0)	(27.0, 77260.0)	(28.0, 85454.0)	(29.0, 93492.0)	(30.0, 115508.0)	(31.0, 156161.0)	(32.0, 226714.0)	(33.0, 356355.0)	(34.0, 653567.0)	(35.0, 1887827.0)	(36.0, 13668386.0)	(37.0, 10438930.0)				
SRR9929270_1	(21.0, 1.0)	(22.0, 4.0)	(23.0, 21.0)	(24.0, 105.0)	(25.0, 581.0)	(26.0, 2901.0)	(27.0, 8799.0)	(28.0, 15135.0)	(29.0, 25368.0)	(30.0, 51142.0)	(31.0, 96254.0)	(32.0, 156494.0)	(33.0, 229940.0)	(34.0, 343876.0)	(35.0, 744211.0)	(36.0, 7419468.0)	(37.0, 9472748.0)							
SRR9929270_2	(18.0, 11.0)	(19.0, 3746.0)	(20.0, 23375.0)	(21.0, 36827.0)	(22.0, 44824.0)	(23.0, 65192.0)	(24.0, 128210.0)	(25.0, 239627.0)	(26.0, 329114.0)	(27.0, 330576.0)	(28.0, 273327.0)	(29.0, 221680.0)	(30.0, 204487.0)	(31.0, 213247.0)	(32.0, 243231.0)	(33.0, 314119.0)	(34.0, 547898.0)	(35.0, 1559937.0)	(36.0, 8387853.0)	(37.0, 5399767.0)				
SRR9929271_1	(22.0, 7.0)	(23.0, 12.0)	(24.0, 43.0)	(25.0, 263.0)	(26.0, 1178.0)	(27.0, 4075.0)	(28.0, 10763.0)	(29.0, 30238.0)	(30.0, 74606.0)	(31.0, 151799.0)	(32.0, 256954.0)	(33.0, 394831.0)	(34.0, 601113.0)	(35.0, 1203634.0)	(36.0, 10680577.0)	(37.0, 15676344.0)								
SRR9929271_2	(18.0, 5.0)	(19.0, 2290.0)	(20.0, 16202.0)	(21.0, 22188.0)	(22.0, 20845.0)	(23.0, 22234.0)	(24.0, 32599.0)	(25.0, 57042.0)	(26.0, 92681.0)	(27.0, 116726.0)	(28.0, 117908.0)	(29.0, 112025.0)	(30.0, 124651.0)	(31.0, 161409.0)	(32.0, 229373.0)	(33.0, 354402.0)	(34.0, 649984.0)	(35.0, 1867526.0)	(36.0, 14390817.0)	(37.0, 10695530.0)				
SRR9929272_1	(21.0, 3.0)	(22.0, 21.0)	(23.0, 75.0)	(24.0, 118.0)	(25.0, 431.0)	(26.0, 1497.0)	(27.0, 4634.0)	(28.0, 12237.0)	(29.0, 32478.0)	(30.0, 76567.0)	(31.0, 153199.0)	(32.0, 257590.0)	(33.0, 398350.0)	(34.0, 608263.0)	(35.0, 1231305.0)	(36.0, 11024587.0)	(37.0, 16044438.0)							
SRR9929272_2	(18.0, 5.0)	(19.0, 2503.0)	(20.0, 17788.0)	(21.0, 25119.0)	(22.0, 24099.0)	(23.0, 26462.0)	(24.0, 38445.0)	(25.0, 66829.0)	(26.0, 109108.0)	(27.0, 137448.0)	(28.0, 134407.0)	(29.0, 121891.0)	(30.0, 127473.0)	(31.0, 157706.0)	(32.0, 218575.0)	(33.0, 338015.0)	(34.0, 615886.0)	(35.0, 1743735.0)	(36.0, 14051112.0)	(37.0, 11889187.0)				
SRR9929273_1	(22.0, 7.0)	(23.0, 13.0)	(24.0, 44.0)	(25.0, 197.0)	(26.0, 1001.0)	(27.0, 3373.0)	(28.0, 9544.0)	(29.0, 26846.0)	(30.0, 66075.0)	(31.0, 135396.0)	(32.0, 229426.0)	(33.0, 354813.0)	(34.0, 537777.0)	(35.0, 1070266.0)	(36.0, 9570714.0)	(37.0, 14673393.0)								
SRR9929273_2	(18.0, 2.0)	(19.0, 2401.0)	(20.0, 15453.0)	(21.0, 19558.0)	(22.0, 17718.0)	(23.0, 18500.0)	(24.0, 26776.0)	(25.0, 47471.0)	(26.0, 77568.0)	(27.0, 98044.0)	(28.0, 100584.0)	(29.0, 100040.0)	(30.0, 116351.0)	(31.0, 153910.0)	(32.0, 222958.0)	(33.0, 349888.0)	(34.0, 653499.0)	(35.0, 1959102.0)	(36.0, 13799295.0)	(37.0, 8899767.0)				
SRR9929274_1	(21.0, 2.0)	(22.0, 10.0)	(23.0, 29.0)	(24.0, 91.0)	(25.0, 392.0)	(26.0, 1459.0)	(27.0, 4438.0)	(28.0, 12175.0)	(29.0, 32716.0)	(30.0, 79029.0)	(31.0, 155488.0)	(32.0, 258777.0)	(33.0, 392111.0)	(34.0, 583153.0)	(35.0, 1152129.0)	(36.0, 9914031.0)	(37.0, 14459125.0)							
SRR9929274_2	(18.0, 3.0)	(19.0, 2437.0)	(20.0, 17330.0)	(21.0, 23496.0)	(22.0, 21780.0)	(23.0, 23922.0)	(24.0, 35014.0)	(25.0, 60516.0)	(26.0, 97687.0)	(27.0, 122655.0)	(28.0, 121261.0)	(29.0, 113759.0)	(30.0, 124847.0)	(31.0, 158962.0)	(32.0, 221837.0)	(33.0, 340148.0)	(34.0, 609025.0)	(35.0, 1697731.0)	(36.0, 12921389.0)	(37.0, 10331356.0)				
SRR9929275_1	(22.0, 12.0)	(23.0, 45.0)	(24.0, 128.0)	(25.0, 341.0)	(26.0, 1227.0)	(27.0, 4286.0)	(28.0, 12349.0)	(29.0, 34045.0)	(30.0, 81454.0)	(31.0, 162060.0)	(32.0, 267963.0)	(33.0, 406843.0)	(34.0, 607265.0)	(35.0, 1205691.0)	(36.0, 10627710.0)	(37.0, 15423724.0)								
SRR9929275_2	(18.0, 4.0)	(19.0, 1889.0)	(20.0, 13428.0)	(21.0, 18923.0)	(22.0, 17687.0)	(23.0, 19324.0)	(24.0, 28528.0)	(25.0, 50320.0)	(26.0, 82775.0)	(27.0, 106432.0)	(28.0, 108521.0)	(29.0, 107320.0)	(30.0, 122111.0)	(31.0, 156691.0)	(32.0, 224213.0)	(33.0, 349565.0)	(34.0, 640042.0)	(35.0, 1799847.0)	(36.0, 13733035.0)	(37.0, 11254488.0)				
SRR9929276_1	(22.0, 6.0)	(23.0, 19.0)	(24.0, 56.0)	(25.0, 257.0)	(26.0, 1273.0)	(27.0, 4359.0)	(28.0, 11394.0)	(29.0, 30724.0)	(30.0, 73915.0)	(31.0, 146641.0)	(32.0, 246804.0)	(33.0, 377455.0)	(34.0, 569221.0)	(35.0, 1118369.0)	(36.0, 9842231.0)	(37.0, 15290159.0)								
SRR9929276_2	(18.0, 8.0)	(19.0, 2665.0)	(20.0, 16536.0)	(21.0, 22118.0)	(22.0, 20371.0)	(23.0, 21608.0)	(24.0, 33098.0)	(25.0, 57538.0)	(26.0, 91998.0)	(27.0, 115871.0)	(28.0, 115858.0)	(29.0, 110840.0)	(30.0, 123009.0)	(31.0, 157525.0)	(32.0, 222543.0)	(33.0, 341180.0)	(34.0, 617108.0)	(35.0, 1753770.0)	(36.0, 13441471.0)	(37.0, 10447768.0)				
SRR9929277_1	(21.0, 1.0)	(22.0, 10.0)	(23.0, 42.0)	(24.0, 131.0)	(25.0, 394.0)	(26.0, 1478.0)	(27.0, 4724.0)	(28.0, 13295.0)	(29.0, 36648.0)	(30.0, 86253.0)	(31.0, 169122.0)	(32.0, 278368.0)	(33.0, 419977.0)	(34.0, 625715.0)	(35.0, 1247480.0)	(36.0, 10790154.0)	(37.0, 15514130.0)							
SRR9929277_2	(18.0, 4.0)	(19.0, 1925.0)	(20.0, 13460.0)	(21.0, 18717.0)	(22.0, 17665.0)	(23.0, 19458.0)	(24.0, 29817.0)	(25.0, 52399.0)	(26.0, 83648.0)	(27.0, 105304.0)	(28.0, 107239.0)	(29.0, 108206.0)	(30.0, 125035.0)	(31.0, 163230.0)	(32.0, 232651.0)	(33.0, 362086.0)	(34.0, 659665.0)	(35.0, 1867130.0)	(36.0, 14188245.0)	(37.0, 11032038.0)				
SRR9929278_1	(21.0, 1.0)	(22.0, 12.0)	(23.0, 13.0)	(24.0, 54.0)	(25.0, 262.0)	(26.0, 1072.0)	(27.0, 3733.0)	(28.0, 11008.0)	(29.0, 31398.0)	(30.0, 76973.0)	(31.0, 152909.0)	(32.0, 254009.0)	(33.0, 384909.0)	(34.0, 574792.0)	(35.0, 1143734.0)	(36.0, 9942408.0)	(37.0, 15024579.0)							
SRR9929278_2	(18.0, 10.0)	(19.0, 1757.0)	(20.0, 11731.0)	(21.0, 15243.0)	(22.0, 13916.0)	(23.0, 15783.0)	(24.0, 23870.0)	(25.0, 42229.0)	(26.0, 69367.0)	(27.0, 89322.0)	(28.0, 93477.0)	(29.0, 95760.0)	(30.0, 112549.0)	(31.0, 150252.0)	(32.0, 217215.0)	(33.0, 340776.0)	(34.0, 619906.0)	(35.0, 1755962.0)	(36.0, 13450740.0)	(37.0, 10482001.0)				
SRR9929279_1	(22.0, 10.0)	(23.0, 14.0)	(24.0, 37.0)	(25.0, 150.0)	(26.0, 708.0)	(27.0, 2803.0)	(28.0, 8545.0)	(29.0, 25081.0)	(30.0, 62815.0)	(31.0, 129709.0)	(32.0, 222283.0)	(33.0, 346147.0)	(34.0, 525214.0)	(35.0, 1063021.0)	(36.0, 9992065.0)	(37.0, 15250892.0)								
SRR9929279_2	(18.0, 2.0)	(19.0, 1221.0)	(20.0, 9040.0)	(21.0, 13731.0)	(22.0, 13142.0)	(23.0, 13881.0)	(24.0, 19902.0)	(25.0, 35347.0)	(26.0, 60246.0)	(27.0, 80282.0)	(28.0, 84124.0)	(29.0, 85151.0)	(30.0, 98757.0)	(31.0, 130941.0)	(32.0, 189578.0)	(33.0, 304170.0)	(34.0, 564757.0)	(35.0, 1614341.0)	(36.0, 13175006.0)	(37.0, 11135875.0)				
SRR9929280_1	(22.0, 6.0)	(23.0, 15.0)	(24.0, 59.0)	(25.0, 244.0)	(26.0, 1165.0)	(27.0, 3954.0)	(28.0, 10986.0)	(29.0, 31022.0)	(30.0, 75114.0)	(31.0, 150644.0)	(32.0, 255980.0)	(33.0, 395668.0)	(34.0, 610540.0)	(35.0, 1247398.0)	(36.0, 11623499.0)	(37.0, 17703502.0)								
SRR9929280_2	(18.0, 6.0)	(19.0, 2040.0)	(20.0, 13952.0)	(21.0, 20499.0)	(22.0, 19955.0)	(23.0, 21303.0)	(24.0, 31881.0)	(25.0, 56182.0)	(26.0, 90366.0)	(27.0, 113693.0)	(28.0, 113273.0)	(29.0, 106198.0)	(30.0, 116844.0)	(31.0, 149297.0)	(32.0, 211341.0)	(33.0, 331960.0)	(34.0, 610501.0)	(35.0, 1746283.0)	(36.0, 15062932.0)	(37.0, 13291290.0)				
SRR9929281_1	(22.0, 14.0)	(23.0, 20.0)	(24.0, 43.0)	(25.0, 166.0)	(26.0, 741.0)	(27.0, 2825.0)	(28.0, 9372.0)	(29.0, 28574.0)	(30.0, 71896.0)	(31.0, 148969.0)	(32.0, 254572.0)	(33.0, 395595.0)	(34.0, 605749.0)	(35.0, 1214481.0)	(36.0, 11214700.0)	(37.0, 17600712.0)								
SRR9929281_2	(18.0, 3.0)	(19.0, 1332.0)	(20.0, 8735.0)	(21.0, 11890.0)	(22.0, 10940.0)	(23.0, 11613.0)	(24.0, 17239.0)	(25.0, 30989.0)	(26.0, 51705.0)	(27.0, 69978.0)	(28.0, 78098.0)	(29.0, 86773.0)	(30.0, 110470.0)	(31.0, 155207.0)	(32.0, 231252.0)	(33.0, 374461.0)	(34.0, 705779.0)	(35.0, 2078483.0)	(36.0, 15969124.0)	(37.0, 11544358.0)				
SRR9929282_1	(21.0, 3.0)	(22.0, 6.0)	(23.0, 18.0)	(24.0, 43.0)	(25.0, 199.0)	(26.0, 853.0)	(27.0, 3271.0)	(28.0, 9912.0)	(29.0, 29803.0)	(30.0, 74724.0)	(31.0, 151735.0)	(32.0, 256678.0)	(33.0, 391319.0)	(34.0, 587551.0)	(35.0, 1161641.0)	(36.0, 10453322.0)	(37.0, 16447397.0)							
SRR9929282_2	(18.0, 2.0)	(19.0, 1358.0)	(20.0, 9131.0)	(21.0, 12978.0)	(22.0, 11955.0)	(23.0, 13161.0)	(24.0, 19507.0)	(25.0, 34909.0)	(26.0, 58143.0)	(27.0, 76046.0)	(28.0, 81559.0)	(29.0, 86080.0)	(30.0, 104310.0)	(31.0, 141204.0)	(32.0, 208038.0)	(33.0, 328876.0)	(34.0, 603884.0)	(35.0, 1682655.0)	(36.0, 13886004.0)	(37.0, 12208675.0)				
SRR9929283_1	(22.0, 9.0)	(23.0, 39.0)	(24.0, 128.0)	(25.0, 325.0)	(26.0, 1125.0)	(27.0, 3830.0)	(28.0, 11790.0)	(29.0, 33612.0)	(30.0, 81167.0)	(31.0, 160770.0)	(32.0, 268637.0)	(33.0, 411519.0)	(34.0, 618790.0)	(35.0, 1238072.0)	(36.0, 11012970.0)	(37.0, 16437883.0)								
SRR9929283_2	(18.0, 1.0)	(19.0, 1063.0)	(20.0, 7863.0)	(21.0, 11493.0)	(22.0, 11666.0)	(23.0, 13125.0)	(24.0, 20026.0)	(25.0, 35392.0)	(26.0, 58618.0)	(27.0, 76871.0)	(28.0, 82175.0)	(29.0, 87651.0)	(30.0, 104918.0)	(31.0, 141817.0)	(32.0, 207009.0)	(33.0, 333055.0)	(34.0, 618498.0)	(35.0, 1734060.0)	(36.0, 14209856.0)	(37.0, 12525509.0)				
SRR9929284_1	(22.0, 5.0)	(23.0, 16.0)	(24.0, 48.0)	(25.0, 232.0)	(26.0, 1036.0)	(27.0, 3558.0)	(28.0, 9999.0)	(29.0, 27709.0)	(30.0, 66263.0)	(31.0, 132759.0)	(32.0, 222829.0)	(33.0, 342969.0)	(34.0, 530605.0)	(35.0, 1087040.0)	(36.0, 9368554.0)	(37.0, 14861330.0)								
SRR9929284_2	(18.0, 3.0)	(19.0, 1947.0)	(20.0, 14840.0)	(21.0, 22580.0)	(22.0, 25401.0)	(23.0, 29245.0)	(24.0, 31767.0)	(25.0, 40710.0)	(26.0, 60311.0)	(27.0, 75547.0)	(28.0, 77927.0)	(29.0, 80797.0)	(30.0, 94928.0)	(31.0, 126541.0)	(32.0, 183787.0)	(33.0, 289879.0)	(34.0, 532713.0)	(35.0, 1497076.0)	(36.0, 12762676.0)	(37.0, 10706277.0)				
SRR9929285_1	(22.0, 14.0)	(23.0, 24.0)	(24.0, 71.0)	(25.0, 233.0)	(26.0, 981.0)	(27.0, 3397.0)	(28.0, 9863.0)	(29.0, 28688.0)	(30.0, 69329.0)	(31.0, 138536.0)	(32.0, 228677.0)	(33.0, 345659.0)	(34.0, 524340.0)	(35.0, 1033637.0)	(36.0, 9221749.0)	(37.0, 14335240.0)								
SRR9929285_2	(18.0, 2.0)	(19.0, 1266.0)	(20.0, 8706.0)	(21.0, 12444.0)	(22.0, 12073.0)	(23.0, 13325.0)	(24.0, 21054.0)	(25.0, 36746.0)	(26.0, 58187.0)	(27.0, 73664.0)	(28.0, 77509.0)	(29.0, 79963.0)	(30.0, 95773.0)	(31.0, 127614.0)	(32.0, 184487.0)	(33.0, 290129.0)	(34.0, 532863.0)	(35.0, 1490812.0)	(36.0, 12246139.0)	(37.0, 10577682.0)				
SRR9929286_1	(22.0, 12.0)	(23.0, 13.0)	(24.0, 23.0)	(25.0, 173.0)	(26.0, 834.0)	(27.0, 3160.0)	(28.0, 9361.0)	(29.0, 27429.0)	(30.0, 67047.0)	(31.0, 136575.0)	(32.0, 229473.0)	(33.0, 349462.0)	(34.0, 526576.0)	(35.0, 1051247.0)	(36.0, 9504094.0)	(37.0, 14761620.0)								
SRR9929286_2	(18.0, 2.0)	(19.0, 1513.0)	(20.0, 9812.0)	(21.0, 14503.0)	(22.0, 13207.0)	(23.0, 14232.0)	(24.0, 20920.0)	(25.0, 37195.0)	(26.0, 60963.0)	(27.0, 80001.0)	(28.0, 85129.0)	(29.0, 86513.0)	(30.0, 101870.0)	(31.0, 134424.0)	(32.0, 195750.0)	(33.0, 306690.0)	(34.0, 561842.0)	(35.0, 1573219.0)	(36.0, 12609619.0)	(37.0, 10759695.0)				
